5055 1053
4023 3563
7637 2307
5149 936
2323 9922
3105 6226
1607 7549
8415 6899
6394 3516
9499 2958
8688 829
2403 5836
5778 8422
3777 208
6622 6952
581 7302
4597 5222
3395 2747
4745 7794
2832 4582
9885 3620
5092 4815
2935 6287
4441 5519
4996 9324
9991 2113
5741 2662
264 4521
6448 5714
5561 4579
5563 3089
1187 9379
7223 5811
5364 3618
4720 6692
9899 8842
8714 7748
3494 8755
8283 9044
851 4497
5209 9311
4725 8420
9456 1401
5779 4537
5882 4588
9724 5610
6379 8211
2258 2859
8313 5552
5474 4425
9099 9625
2612 4312
121 7551
4457 6652
4984 1507
9559 8860
7783 845
6828 1407
4153 9051
2502 3258
8816 6174
8730 3936
7720 9450
2697 7184
1304 543
7846 1900
644 9235
1313 535
3466 2444
9947 7646
351 8502
7504 6941
161 2901
8006 9290
3376 9054
1946 1389
4740 8244
6643 7912
1685 4963
8062 4309
3812 1968
343 3052
9825 7677
9349 4943
4658 4675
6823 2329
6493 6218
3316 2032
180 3451
8850 1884
9098 2313
9445 6003
2699 4180
306 8932
1843 4707
1864 4823
1143 1291
8507 3750
4403 7110
4798 3154
3380 2356
432 522
250 1330
7210 5724
7667 1924
490 1563
7885 1702
1467 6536
6595 7873
770 3935
9984 6336
8605 3219
3780 2787
3048 4385
6222 3831
772 7954
5199 372
9426 5728
3930 974
5363 4354
5285 2124
7404 4918
8636 2701
7862 3484
5955 5457
2689 1622
8118 8588
9297 4926
8873 945
6339 6846
4484 1491
910 794
953 4742
7837 589
9985 393
5625 4233
7456 8603
3902 3261
7593 4422
3383 7821
2966 1347
8261 830
6985 1116
4564 1338
5716 6422
392 9975
2230 6059
6708 9296
1129 2309
9582 1055
8629 1871
2880 1870
5137 6910
479 2243
8152 9209
3289 6031
9572 819
6415 2641
5311 1307
9790 1780
6858 2840
3105 2774
4604 3694
6649 2094
5273 5868
4515 7502
549 4317
234 1613
9894 9193
9508 963
9770 9612
2642 1571
530 659
1453 9302
2851 4255
4042 8570
405 442
9680 5917
1294 185
3918 8290
5441 1633
2630 7333
2689 447
405 5283
2552 8560
4448 7099
7905 6581
5774 6618
5545 6657
4636 2901
6179 8416
6166 1263
6726 101
1251 7621
6935 2144
189 7656
6990 5154
351 1531
9423 3621
524 6285
