9383 886
2777 6915
7793 8335
5386 492
6649 1421
2362 27
8690 59
7763 3926
540 3426
9172 5736
5211 5368
2567 6429
5782 1530
2862 5123
4067 3135
3929 9802
4022 3058
3069 8167
1393 8456
5011 8042
6229 7373
4421 4919
3784 8537
5198 4324
8315 4370
6413 3526
6091 8980
9956 1873
6862 9170
6996 7281
2305 925
7084 6327
336 6505
846 1729
1313 5857
6124 3895
9582 545
8814 3367
5434 364
4043 3750
1087 6808
7276 7178
5788 3584
5403 2651
2754 2399
9932 5060
9676 3368
7739 12
6226 8586
8094 7539
66601 97467
570492 573317
295499 298490
32172 103348
739299 741222
66249 86990
40743 53144
14412 59479
11017 110294
76376 110991
28067 59426
68977 80154
897490 897525
754552 755199
19593 80308
18859 28828
86317 106312
36421 68972
382853 386966
22765 34986
33062 84303
98738 110751
55382 84292
38602 51735
727208 728802
42772 46007
10946 58106
410399 411305
28656 111544
561859 564350
1842 15033
40403 84506
17808 70847
10947 61690
717774 718116
58976 59476
491586 491953
34190 91583
741933 743872
617059 617320
122980 126381
5510 23856
67764 88883
438469 440610
11735 48628
547597 549373
78592 102296
58531 81198
21743 69232
57911 86469
115381 130908
400044 402260
24605 80261
39129 40072
345318 356264
216242 221743
25496 62315
66343 112466
825604 826693
31600 46017
24745 34596
294732 294815
68339 106407
720910 721894
66444 104712
28806 32073
35733 37545
3296 100857
71774 76077
56791 108354
26160 95022
57602 99538
57229 95731
46588 67183
525963 528136
226967 231367
45042 52927
53762 85739
47928 51019
17881 52630
31639 89965
87997 112818
116840 127369
67609 82379
17630 104812
233336 233950
7619 66975
744673 745105
44526 59720
46852 100161
4251 34307
44353 95475
170506 175400
39758 97408
48410 57537
989960 991219
64317 113010
589799 594339
27132 31984
58476 87092
8509 2508
8171 7864
3701 1655
6200 3009
6004 9826
3902 1643
5053 3467
6423 7018
4563 2741
7576 5496
1522 3984
6120 8440
5167 2006
4119 7160
5390 8947
604 251
7808 5128
8116 1509
6783 4316
871 2788
494 4773
783 5548
4592 3559
2566 9156
6300 142
1004 4174
478 7124
2614 1998
5483 6733
9158 7225
2033 9763
7477 9841
1243 1945
1350 8026
2613 2221
7166 3108
3346 4302
5008 4291
7861 7574
3447 4161
4068 803
8335 899
7927 950
2897 3410
4035 8407
6988 6068
4522 4465
2261 5765
2762 3612
144 5375
