60862 100218
34613 9336
29163 69317
945806 946516
112388 13644
564670 562339
698274 695726
47084 81817
335556 335362
91713 46776
56790 85441
82281 14673
111024 47381
107183 79688
88187 39124
110868 99280
117016 120995
104647 54256
46478 27571
60865 25990
323475 338376
112042 40759
14532 86975
55340 91915
57398 81871
51102 92583
75178 9791
45459 42086
99557 2214
855905 855718
54564 54100
55210 5689
190020 187423
834422 836580
345942 356796
5911 77815
570906 571955
615068 618922
77672 12395
987221 987100
145397 139061
96153 97352
236800 236098
53124 19248
124938 113547
52847 90402
61289 104844
25236 67789
102758 92521
31204 59143
27796 91292
101468 49179
94403 79540
590777 596874
796749 794449
79987 105882
345858 349387
66553 67799
117060 114787
37155 1195
16492 70299
41465 70833
1104 56953
127249 123727
184715 185799
18694 14661
224606 220059
888809 887674
80935 5752
26826 45835
117890 123332
17656 54855
892858 900051
92363 40558
899977 892006
353826 357554
94679 6715
707316 706817
329676 332836
34961 60519
40693 18754
904896 904342
600610 592556
440472 445412
36920 10598
1279 86134
842565 843582
68669 13956
673063 670762
95862 55499
56452 106330
12902 98921
880820 880804
45093 63223
24316 8783
198619 194758
1564 60034
68280 39499
54482 47960
21603 99062
370280 375715
49268 100052
74490 90682
32927 4127
60739 96405
109539 90035
22369 55645
602948 589472
94254 82094
394043 395021
82733 68576
34315 13432
964329 966213
84587 40175
21700 21799
614696 614954
60518 18845
88834 81441
38479 69896
60186 31515
395030 394955
506510 509480
25267 22323
23854 90713
64894 82650
75246 53835
12886 56635
600859 592960
38400 103719
171337 175994
716419 715192
