816453 884360
678169 756070
14061 474128
353226 134913
61109 431155
821399 963940
186104 155510
262877 858386
861870 834216
936902 809376
834712 343573
912591 402915
406467 872282
293293 617541
820980 485680
4984 298459
709252 849566
251309 758561
156245 467829
692559 524627
856813 406972
218396 282430
812601 931668
309653 457325
561611 790002
708497 134438
279340 979133
396920 821930
717934 62434
523128 50685
211775 148418
191476 389016
646118 286623
49579 551488
903457 569375
127172 943303
871921 120863
927228 292094
961915 21285
17853 893570
103106 669022
80301 188926
737956 133915
517369 269752
101563 802919
771920 565825
923595 449532
995886 640345
361667 123760
259030 465167
232755 214355
48267 61697
993960 471692
295045 970724
141174 299222
716504 606511
782377 512174
169157 545848
311342 388258
954871 125227
508589 295003
305258 396965
661548 22464
458604 585487
399397 184322
799238 704569
432661 150209
964351 949997
917105 491266
266515 240460
114715 781294
861821 610928
993560 474341
517285 777641
589594 792556
637502 57597
699479 731931
898380 311556
994011 417228
96952 607291
128354 839625
186092 811887
767198 468882
521435 836510
324785 485366
595582 26453
829188 229729
740753 673132
807966 103573
447543 717671
108183 256177
174322 35161
872501 830374
504054 912774
487560 859926
923862 978290
319112 467545
841466 513823
352270 250824
869034 598501
677881 654899
241180 636933
592776 419557
855300 151945
652674 237843
614336 96613
508772 30006
993527 1162
807954 261762
768637 34020
885120 242604
565506 727183
470706 273523
876027 851082
866852 640203
141552 765776
709720 19283
431857 949924
958888 83339
171682 429237
216003 493981
860105 533403
461532 761676
902497 778943
603897 490166
974408 380279
422285 616847
906250 219748
605077 354330
590299 336565
119457 307171
12277 811058
84474 902054
997261 157847
712393 145379
57114 855405
145957 882047
6768 60682
836973 851404
66628 543051
917697 307412
713306 710522
539721 598546
140008 718146
102987 593315
730837 910242
681836 761391
814316 4861
909442 687914
532600 629914
902365 850647
747249 84545
177781 540442
267789 901133
711859 106105
253242 485640
567096 389434
496182 880575
474973 186839
501846 747596
166020 120039
984285 941087
649647 504954
155772 309248
578578 424162
500753 291775
284076 681750
190711 529209
110871 153416
154533 188553
677981 11242
133245 496572
753536 238888
540757 742639
437881 28148
351612 640564
980308 913671
234759 424573
295699 831333
184133 620836
318000 78249
102682 369772
547241 448610
78021 979203
851667 310581
603537 317685
726746 710705
808528 92527
902650 556078
954761 890110
437339 148369
289727 109173
296008 462349
854924 930166
581990 777859
803617 170453
687937 274844
408613 695900
588097 517506
556553 11226