1 10
100 200
201 210
900 1000
44 80
91 11
29 84
6 11
71 94
52 79
69 79
62 61
8 95
39 32
90 94
44 13
71 98
59 29
32 35
93 21
78 9
91 25
55 51
89 60
90 69
110 70
130 957
847 406
422 155
724 508
494 651
288 311
763 847
592 759
290 152
420 986
344 381
970 49
537 101
65 641
369 641
925 429
40 435
557 568
67 518
193 264
840 408
47 61
582 423
527 403
7779 2705
1852 2547
2260 2044
6225 6957
3510 1786
6068 619
1114 9372
2899 1275
3024 3258
630 3590
3041 5163
2558 3278
3089 7919
1856 9302
266 4933
6722 7752
2472 668
9013 8790
1491 3606
6294 6614
7156 6007
3972 5674
5216 3375
7502 827
1114 6160
24756 36046
40645 45398
13460 40058
36191 44710
59611 90619
55857 84159
2122 37104
69652 44651
99376 88092
46785 76012
12566 70915
56627 10682
89082 56548
95231 25443
484 35307
21869 33953
59642 38710
89131 73976
78618 24508
93736 20087
56892 45357
65623 87723
85764 33161
72705 64217
77444 77567
794727 793774
70953 75023
54412 111922
84232 44928
163260 162163
66395 82613
59161 46655
682578 683336
173182 177503
668983 667794
294908 299450
29654 40528
159041 158603
445939 450014
109211 48334
2 91782
49630 11421
91930 23418
744835 739532
746092 740082
88040 94108
50302 52582
889911 891511
126723 119317
82946 13622
905 45336
40 68277
886 98393
360 97529
611 21632
338 46769
745 102173
192 12186
525 21154
653 3280
328 77785
398 105550
590 35720
903 55626
22 3828
445 9579
937 35237
40 106602
140 35978
13 32596
75 46961
819 85186
386 69455
286 75848
708 94722
3 3350
1 64045
8 23646
4 47417
4 79927
3 62450
1 34577
4 112094
9 80527
3 95908
9 17647
5 94795
8 30334
7 85809
7 85907
8 21151
7 19968
4 42544
9 40874
8 13343
3 89372
7 112408
9 29814
7 66226
5 29741
6 55071
2 9936
2 101884
6 67704
7 83225
5 49717
9 77491
4 42474
6 63557
3 82435
9 103513
6 12083
8 26341
2 72946
1 43150
7 106591
4 14116
7 19302
6 100570
6 75816
8 11272
9 108917
9 103392
5 111431
2 32715
