110601 36518
529279 525311
45049 94263
383855 386284
276044 273655
593479 596082
79080 55745
68319 86423
125399 122441
32368 100709
50074 15447
90339 5628
661013 657366
86151 90270
60407 95985
64136 64389
108965 46565
49283 100440
50628 12481
141406 139525
332280 326350
63290 95566
682543 682248
16147 91839
11169 96677
219855 215658
18545 65381
112217 68906
343391 354794
13967 17100
11865 1702
64806 46297
66491 83682
251459 250168
437606 438750
81181 74473
111181 93112
27682 92461
822036 819600
97483 12609
68625 111814
80039 98624
64924 94312
741747 738355
75090 18636
353009 358091
87702 51839
80200 66252
769177 765548
35168 27481
14396 68530
56167 43889
104789 100615
22177 111807
607146 608011
879093 878192
5148 36184
108772 110017
468744 472274
85232 84394
438480 445632
92611 27765
104268 89429
681218 684607
19877 64856
110628 101298
97840 93925
28650 112895
744009 738516
569068 568622
29562 88594
9189 68255
100539 26482
22773 9452
101277 35389
37711 74830
36002 54676
38629 56025
78911 3274
64657 112975
17259 94610
70207 783
68608 37991
119408 115563
76449 88428
12288 74300
85720 97011
90189 51491
142143 146070
671 103544
50946 26180
31782 41613
466519 459811
21802 37168
1726 58645
30780 100180
101594 9875
743898 738834
106161 26394
954667 955073
2905 94729
791518 794309
150696 150563
475271 470528
123420 131028
14812 110897
78840 95971
32334 28914
83219 46618
968331 968324
49093 94570
46444 67898
49632 4398
172784 172471
188668 190763
97017 389
10491 86910
65766 45810
20871 10781
70823 56454
351042 355212
94943 49293
11423 52641
76260 90884
92021 23161
55115 69295
37724 36541
19617 96724
91266 37975
109981 16631
7478 2715
91515 42999
41523 65254
11875 71334
51887 25643
38089 28185
96124 21672
18560 77843
290828 301795
92126 31245
58195 68607
121593 130274
253579 249085
164038 164050
123261 133557
9965 2309
46232 25600
83276 74102
371566 376234
102210 99133
71942 22626
55504 85625
41029 101562
19688 102510
78602 72917
211950 210784
62160 74961
337197 325063
369539 373549
30543 107477
890565 898510
247537 247870
112 22014
106786 73786
764301 764453
60555 112042
754390 755045
10145 103566
51459 108366
99003 2466
54279 89494
17906 89862
572397 573534
51774 61874
43379 93821
128628 125555
84509 19839
32760 30437
74357 13889
353786 345992
61309 76231
83818 32242
474844 475784
55861 13838
39409 76136
74745 21554
72815 81586
26057 20643
165586 169448
97954 88699
536316 532262
57435 28212
110313 10611
3821 112115
1 113382
191336 201568
999168 999999
1 1
886954 889832
997824 999166
