1 1
1 10
39 9404
40 40
78 89
100 200
201 210
500 789
789 789
900 1000
1000 2000
8340 89039
30984 9480
5000 2000
40000 50000
50000 1
1 50000
894 79484
84798 8484
183 938
6578 38501
2948 9237
1985 3800
49894 1804
3904 29409
7509 39822
13808 480
90482 64704
67 4892
27 24
7937 2890
5674 16793
84 290
20 920
248 768
7602 8927
3482 4086
82974 2794
4524 6246
46 808
389 88
84924 48094
93 93
547 6287
40 50
68 78
456 987
12345 9876
250 350
675 875
99999 99999
7485 32189
78424 7097
234 732
4894 4892
13902 44950
6592 248
4903 5684
8404 691
2806 7028
4738 2806
37 83
28348 4894
7694 8472
849 7474
9731 8401
83015 7031
2475 1289
48 820
4679 7290
649 290
84027 7294
3707 37928
7891 8933
34949 7428
749 674
838 90222
1111 1113
900 8332
2333 3352
2341 1533
84210 9313
2903 29119
8228 3801
84 23
35 53
52 93
138 381
13 33
40 71
3851 1332
1753 3480
87 13
4389 642
8502 419
573 137
972 8794
6104 8491
61 39
783 694
