1 10
100 200
201 210
900 1000
2741 4629
3652 9275
6705 13906
12384 12840
13341 14421
17848 20181
12460 28522
15802 37954
22041 25568
21372 31799
34246 38409
35761 38510
29562 71838
25949 53085
52688 65204
56776 67484
31402 90670
54065 73717
49617 53131
46510 55165
58311 103537
68118 112679
53296 103488
113382 81787
75913 113382
134378 113384
138366 134380
151176 138368
134380 138366
151176 138368
151178 159486
161438 159488
161534 161440
161536 170074
184488 170076
191334 184490
119834 134378
134380 138366
151176 138368
159486 151178
135413 138366
138368 151176
159486 151178
159488 161438
161440 161534
212650 213102
226765 213104
226768 239230
239232 242158
242302 242160
245984 242304
245986 255112
258206 255114
268757 258208
302356 306022
306024 311326
436126 432924
437306 436128
437308 453531
453536 459034
459036 459758
459760 466990
466992 477792
478461 477794
478464 479482
479484 480480
491972 498686
502440 498688
502442 504056
504058 510225
510228 516413
516890 516416
516892 517190
479316 479482
479484 480480
480482 483590
484317 483592
484320 484605
485886 484608
485888 487038
488166 487040
552294 545184
553467 552296
581501 580968
581504 581882
581884 583078
588542 583080
589438 588544
604707 589440
604711 604712
604714 606846
606848 608110
612045 608112
612048 612966
612968 620970
620972 622653
698592 695068
698594 699048
699050 700486
704510 700488
704512 704622
713574 704624
716688 713576
716692 717693
717696 719224
719226 720721
720724 723944
723946 725386
726056 725388
753664 755624
755626 756085
785917 782336
840701 839680
840704 841725
841728 844646
844648 847870
847872 849408
849410 850078
850595 850080
850599 851226
852411 851228
863797 861524
863800 865845
868990 865848
868992 870170
870172 871450
871452 872253
872760 872256
872762 872824
886954 889832
889834 901118
906174 901120
907063 906176
907065 907065
907067 907067
907072 907610
907612 910270
912166 910272
912168 917160
918069 917162
918072 919450
919517 919452
919520 920558
924906 920560
924908 927002
927210 927004
930042 927212
930044 931456
931458 931998
932000 932064
932066 933981
934942 933984
937598 934944
937600 939496
939498 940478
944638 940480
944640 945434
945790 945436
945792 946942
946944 951432
955584 951434
955590 955588
956923 955592
956927 957210
957630 957212
958965 957632
960961 958968
963822 960964
963824 967181
968635 967184
969211 968640
969215 971773
971776 974077
974080 975014
976333 975016
978942 976336
978944 980382
981286 980384
981856 981288
981858 981928
981930 983038
983939 983040
983943 983946
984622 983948
991934 984624
997022 991936
997024 997373
997376 997600
997822 997602
997824 999166
