1504 9552
76121 2139
53963 8068
91525 8889
80259 3075
61296 6541
96009 1979
57726 4240
62807 792
62637 2746
29662 7569
43361 3068
67710 2038
23793 4277
83458 210
65850 4394
68211 3540
24558 8950
31055 3950
9273 7799
12108 7293
93540 2979
25908 6853
13363 8040
56660 3799
95827 2967
90379 632
51649 3984
53294 8049
30048 4172
73233 1253
5007 9269
94654 9827
85380 7448
83997 4242
27912 1527
32845 1714
22249 7342
35196 4860
61254 3171
99888 2077
4021 3740
21499 7109
1909 9309
66139 9391
9280 1009
3863 1446
99019 4745
47288 8188
45488 6646
17502 4212
21170 3668
2699 5987
79605 4284
39013 9856
12519 2613
5337 16
81268 7867
36856 5831
75111 203
18264 4913
14895 1668
39046 3042
99768 3503
94754 6876
57659 9318
68718 2807
78334 9649
25119 2102
14796 7582
19422 5698
71955 193
59670 7145
32373 3501
87496 9435
16713 4565
7937 1556
65719 9092
50921 507
98919 7095
7293 6287
40242 5509
74847 276
67177 1975
81017 9123
7613 3055
57976 7329
69338 8290
52057 8075
95869 3079
60961 5540
18918 9063
45698 8837
12628 8079
41772 8086
66985 4157
6048 8803
19128 4523
32635 5811
63855 2825
22832 7281
34321 1366
65643 7064
7662 3571
60077 7263
59993 4469
48019 926
13346 723
55736 3460
87132 3160
55835 2601
79394 7649
6589 6408
47475 5855
831 7243
77526 9768
79560 6182
48967 8569
63912 7375
42415 83
357 6633
95979 2957
56539 8793
52585 5773
20913 8457
64422 3022
98555 3251
66208 6086
37656 7676
91891 2088
59778 3609
15854 7951
99639 3487
33788 7123
50229 5576
74354 9274
99859 3034
10049 3031
121 5330
98089 993
57954 1525
65105 6893
32427 3541
92359 5406
13320 8816
13629 2469
49139 4834
67706 8878
62255 6626
89980 213
4407 5125
56501 8509
25259 1988
29753 2639
52770 8708
76169 5674
19867 9006
96740 9569
99337 3858
38326 1868
23697 2430
90406 1804
69298 4620
48812 1972
68889 5966
12440 5564
7079 1727
49541 7543
38501 4948
54624 7920
