590 879
877 413
368 816
313 722
892 232
615 794
543 864
14 870
372 195
345 873
216 272
518 600
138 189
772 317
474 868
747 767
180 64
880 977
699 900
133 545
691 943
160 748
970 586
782 174
399 342
967 479
79 967
508 485
803 218
438 281
48 277
693 538
515 580
481 925
470 214
510 966
66 513
100 670
196 36
730 234
713 596
915 697
183 145
715 424
705 986
615 153
691 105
37 660
585 206
773 870
188 407
920 635
657 254
642 20
254 853
801 373
422 320
465 717
141 605
943 180
685 198
655 910
570 377
935 692
915 507
914 60
695 103
710 187
559 352
558 352
77 814
486 359
428 500
457 951
483 569
119 753
663 168
545 774
819 586
445 833
245 734
189 712
899 941
645 899
604 458
624 555
267 681
533 110
413 695
617 991
744 896
65 736
863 759
697 962
795 34
768 143
855 393
334 309
561 754
564 331
