81094 69261
80610 36455
68837 48140
78665 81598
36072 61656
9582 44964
91968 50553
62226 47622
29632 66962
93725 11941
57615 91160
43751 14260
64297 87902
96386 39836
61907 971
78087 44638
89401 33677
92732 13752
96517 455
31807 78529
16446 65094
34802 94958
11867 4113
60035 68439
97218 42239
2838 34132
29666 66850
70897 74112
27177 23745
46020 91520
63331 17923
69907 48989
86832 13447
34785 46540
63072 13233
57402 54831
39629 77599
83038 57653
22965 27673
43493 13372
24211 51783
42387 64983
48697 48444
92698 44650
38124 39472
81190 22002
22748 89868
28489 77058
84095 88959
40484 92264
73929 99597
60878 36494
72041 92518
13220 31388
6915 65749
10285 570
65381 24623
35049 78067
29481 37419
98934 67510
80326 67473
74782 63766
72627 8907
23456 94769
32122 86712
13913 22702
56916 10943
81679 85663
62438 54273
61946 34822
696 11623
81231 99924
15758 42586
42602 93005
10757 13362
85720 26791
57707 95142
71935 85680
98043 28834
97226 91279
41780 72439
49908 69571
74422 35308
11056 28009
24504 76530
52499 75545
44520 77109
87999 35983
9216 77934
62476 94023
26913 22037
66421 32769
8559 25172
34621 26821
18281 89495
74428 97792
40515 48576
94730 35148
52002 45175
22438 11885
