289384 930887
692778 636916
747794 238336
885387 760493
516650 641422
202363 490028
368691 520060
897764 513927
180541 383427
89173 455737
5212 595369
702568 956430
465783 21531
722863 665124
174068 703136
513930 979803
634023 723059
133070 898168
961394 18457
175012 478043
176230 377374
484422 544920
413785 898538
575199 594325
798316 664371
566414 803527
776092 268981
759957 241874
806863 999171
906997 497282
702306 420926
477085 336328
660337 126506
750847 621730
661314 925858
616125 353896
819583 100546
898815 233368
515435 990365
344044 313751
171088 426809
117277 947179
695789 393585
705404 502652
392755 612400
999933 95061
549677 993369
947740 210013
636227 698587
348095 297540
140796 480571
651435 960379
97468 66602
710098 612903
573318 570493
926653 260757
997302 560281
724287 209442
953866 429690
228445 346620
558441 744730
958032 108118
738098 905772
834482 890676
120710 698928
704568 777857
179498 872354
254587 276966
455307 964684
406220 28625
51529 332872
805733 48830
409504 530020
258271 363369
959709 486716
226341 518150
747797 700724
142619 2246
122847 493452
892922 243556
192380 597489
537765 888229
469842 792351
165194 441501
757035 87765
470125 324915
936988 275857
373744 346492
322228 148366
709860 281937
151433 452552
316438 899229
153276 975408
901475 276122
468859 794396
36030 661238
908236 573794
65819 894429
366144 231012
335929 639530
318777 322405
964444 255764
114614 854539
118607 436841
2905 344819
235129 670689
797370 67918
569918 466997
43325 987744
259471 512184
298491 295500
689773 206726
385645 755591
617506 268140
502955 469787
907670 338083
308543 388465
110198 939508
759356 228805
376349 278612
573623 127829
949300 887344
195747 35569
354341 755423
23312 613811
267606 321802
425662 473731
44879 811306
229321 178737
79445 248627
648523 503466
586709 473417
408283 213259
412925 167638
442063 305625
962601 532037
433453 911900
419380 145551
947469 290072
900974 487132
903882 684931
808934 845895
158661 370164
657200 387982
548900 252997
152960 713774
272814 739669
187191 681096
952927 116467
365085 911341
