2244 1697
2909 1751
2196 2466
3305 2848
10643 10233
6890 8437
9072 9767
3228 4591
3452 3495
3883 5307
4527 5362
8785 9435
7391 6965
6642 7660
1802 384
11496 11338
2476 1732
4141 2874
8340 8730
6671 8202
5126 5817
9771 8707
3950 3495
7258 7481
9669 10504
9478 9119
4624 5124
685 810
7874 9271
10418 9887
10005 10392
6853 6041
9274 10757
11267 10441
7482 7058
1783 2171
11066 10573
7001 6757
6022 6345
5911 5415
6127 6201
5961 5681
4848 4301
442 791
8482 8541
11253 9991
5994 6580
4114 3152
10288 9931
202 1349
1578 946
1490 922
2396 3228
7592 7976
8555 9749
10466 10558
5308 5167
2224 2069
10260 9932
4124 3731
3097 3861
8793 8611
4129 3979
3741 4503
2814 3252
2461 3192
6901 7049
3678 3387
5111 5115
4687 3405
9089 10802
9993 8272
7818 8646
6975 7345
1475 2685
6787 7337
1643 1594
1739 1683
3035 4892
2198 2598
1736 1590
4027 4545
2168 1286
3234 2727
8149 6683
10178 9466
6856 6062
10942 10788
6532 6001
1604 2497
4928 4945
3385 1966
5484 6005
4872 4570
7674 7945
1976 832
7922 7478
11287 10607
11550 11185
2108 1187
6717 7231
3070 2552
9753 8953
2580 2486
8992 8359
7173 5811
4638 3978
11376 11283
9989 9022
7352 6691
4231 4283
7370 6045
6642 6836
1718 1420
3078 3061
9740 11463
7661 6543
2929 3148
7935 8030
3047 3306
