81008 89952
37323 93294
77586 106398
2991 20070
62568 69281
51151 107860
42284 61352
325325 338503
4529 5288
59659 107238
31175 51275
97779 108825
145666 150141
27261 86746
1745 5334
35394 59404
24738 109447
972698 973672
67292 82679
43557 87422
877735 882274
291472 293312
39869 74734
437908 441522
2875 90459
177453 183259
43974 73902
2607 110398
592550 602705
56515 65949
14115 18965
54601 93677
14114 39990
1708 37810
116323 119478
23367 45678
27310 93315
127187 130615
691749 694523
59104 92680
21917 81639
262929 263614
71209 85574
52872 69126
1998 39160
25086 76507
24538 68977
533550 535565
352436 353493
61639 110209
834442 836659
6719 59128
596509 598126
672593 677518
83936 110479
30768 87869
594407 595208
70884 86704
48193 107467
65596 76585
2116 83761
11751 96157
520477 520592
3741 97543
91057 99934
87871 100777
50972 57673
102695 105489
83262 87977
31377 99669
913312 913640
982019 983019
326872 336555
22735 27149
683313 684640
53487 111194
11721 66735
1283 21618
23143 49901
323424 335951
14367 36886
293201 300191
39188 56746
16794 71997
19246 66899
46676 96953
15540 46705
600657 601577
596103 598544
26934 75178
28354 38394
23165 35823
7016 9930
471 11129
15621 31228
51620 109772
218804 224748
596960 604365
3451 73026
8037 77635
