<<<<<<< HEAD
42 42
837799 837799

14593 3038
16050 4573
13435 71483
9675 2083
384 7624
3479 26063
85182 71427
14447 38619
426 20927
55393 18211
7056 44119
1520 6339
22542 34672
5696 60218
16362 5165
38428 82398
1 1
2 1
1 2
47401 25204
9117 5418
25332 5230
30513 6228
29715 47820
12131 13731
34994 89594
9359 22432
32088 15148
17692 73001
22434 3666
26929 2585
17547 3457
41246 21478
25929 60143
8680 8082
73580 34439
76623 38243
23724 4533
64687 772
14372 5243
89193 39087

6305 39053
34677 753
15015 70382
34974 84013
7311 28493
14868 370
34523 23417
13948 39118
83749 26072
12253 21175
69515 42
999177 999214
999482 999182
999392 999248
999230 999236
999296 999289
999337 999438
999601 999306
999915 999373
999487 999511
999550 999432
999229 999225
999211 999186
999403 999393
999169 999814
999182 999172
999204 999411
999416 999306
999289 999368
999581 999265
999180 999609
999384 999407
999223 999837
999268 999193
999515 999279
999217 999305
999239 999261
999404 999206
999581 999268
999209 999183
999198 999272
999414 999270
999178 999169
999303 999633
999384 999737
999666 999216
999279 999205
999723 999215
999197 999205
999425 999329
999200 999191
999176 999408
999229 999420
999208 999251
999504 999746
999491 999272
999489 999235
999235 999828
999402 999205
999175 999744
=======
999999 999999
42 42

7 6
1 837799
1 837798
116740 24300
128394 36580
107474 571859
77398 16664
3071 60991
27825 208497
681454 571413
115575 308945
3408 167415
443144 145685
56444 352945
12157 50708
180332 277371
45562 481742
130890 396923
72358 189601
201630 72934
43337 202656
41834 244099
105908 145739
333282 382555
97041 109843
279947 716752
74871 179452
256703 121179
141531 671089
584005 179468
29328 215431
20674 140374
27654 594732
752788 111478
523482 337040
74906 73207
195295 565159
224623 611879
189791 36263
517489 6176
114976 41939
713537 312691
50433 312418
277409 6020
120117 563055
279787 672098
58486 227943
118941 2958
754640 262452
187331 111580
655675 266162
208574 98020
169397 556117
600 339903
10212 47577
872065 322452
15185 230165
82583 63700
72575 558583
131870 124593
576511 69484
443693 141374
765389 210923
326859 352158
391560 271359
63442 58904
44314 19278
241293 230915
582 661760
15004 4118
346480 67392
73002 508994
141357 123908
205684 423361
99830 12705
451990 222078
244856 764492
44130 677569
7945 381794
57289 50225
140585 73496
96201 242551
229242 79047
423637 897547
102665 42739
15475 30983
106540 252371
105131 61484

99346 1600
238556 221778
582766 510312
49781 114138
37958 568533
49020 29972
38285 263639
894142 165081
33282 24357
8908 246630
62856 933534
258176 41673
85966 344653
592684 331738
273433 175565
329446 69630
68618 676857
239718 38034
7509 590342
9603 223509
278083 91491
72133 256151
149416 114868
569606 317213
554635 4906
695614 17602
60518 112236
580098 71395
110431 359537
180224 276808
512263 26634
83137 434818
23115 1367
137175 274681
115825 448463
10140 9863
926005 156295
37779 387152
579365 112667
10966 191183
834795 41833
375191 178800
174833 46358
587081 917203
325406 162061
248238 170396
185653 432323
5878 348322
431713 702449
770764 260223
83466 735344
50141 40606
493555 52317
482663 160008
833981 238652
6204 202512
172104 36397
292684 336322
419094 562263
14471 114956
93621 278362
7105 455674
164458 317829
121264 302299
66774 46451
887 206607
226125 43280
329165 130680
314911 324309
428232 210974
310017 133471
110218 397563
182481 596751
212901 426
150426 112693
608159 337903
231624 354224
134002 416146
834693 177935
88915 270246
663687 351471
30785 325499
211436 38628
1515 124555
76366 217287
660357 203881
730181 259197

167620 566391
18137 60624
363830 56087
54378 173478
488558 32646
110139 403595
20481 802785
398859 3092
368846 204466
876326 282183
770320 231252
>>>>>>> ca789ea0bd5d3268949f434dad6cc1eca07536c6
