977964 419484
244182 649340
245711 3439
761949 327404
604089 830709
656164 110568
277343 749816
69378 929035
548174 992784
597935 56874
232837 983212
94433 208296
237036 648703
456693 865261
18505 784113
943049 233680
67876 640261
947366 942251
325018 710931
980086 410480
790832 897692
669080 154584
819282 941390
545230 86100
599962 6056
201717 374449
666596 903289
712121 911522
883420 776608
512501 543716
329791 847671
545329 609619
475851 678588
514186 521570
727205 729544
811012 520657
41 842747
317433 951242
557597 625499
30528 233064
87881 103484
408774 105750
178509 502574
114617 239966
819387 856890
425612 790595
55632 21944
530194 779686
680471 275517
685527 248195
455985 337834
753006 709827
229109 986680
117960 750289
857379 724254
139998 224356
23624 980972
967795 501330
30817 330395
477252 926178
439072 314945
42975 871887
56452 668772
820302 856852
50836 713409
658620 186206
2585 823983
765178 308356
626374 112344
396737 545875
79457 565534
211550 990141
854609 135517
892675 843486
678921 740664
446803 540541
553632 672468
211263 253032
692564 473326
464853 565129
251342 200174
963801 855540
464477 443460
365816 586984
683000 494063
319297 257371
123335 724775
820924 830679
798352 203567
813318 693279
340716 161813
346676 807816
30508 713183
770417 634198
124965 634221
691149 42484
644306 683527
970421 918133
279444 96006
80537 223210
581057 10725
376171 954996
918853 350679
144279 361808
226079 34323
857659 559276
791638 360335
503113 245098
349982 498102
913579 7881
59450 168766
638227 217077
790113 502952
703806 352404
680618 408705
684149 133681
470844 265613
284971 863087
958679 152172
416287 511285
484174 731932
756755 64996
28978 52946
248539 461973
72735 166759
494707 831546
471178 663406
411998 450644
327051 692617
132130 533080
936920 893490
887493 959392
58404 721228
301228 710774
588999 583347
35640 922417
492108 576558
988352 215457
984759 489448
743417 337871
987604 504183
368829 755462
146761 281551
982029 591806
87442 765153
722114 603297
576268 702964
386295 802835
757981 791526
592866 374341
501450 70080
331548 761623
68631 538180
464111 728637
626173 140942
866675 760821
260155 397062
742710 644366
253013 293134
719143 919987
412752 667831
134749 706542
117124 714088
109760 886580
123940 143055
425763 307806
656466 653539
672591 169245
59972 666764
950323 81971
282377 839675
311243 170882
42563 26701
415417 704231
402944 630590
346313 977451
226455 306633
871293 742692
257978 645322
754885 321278
916593 558662
948608 659935
623134 910767
696007 863535
540926 383897
164120 62783
506885 621069
936648 480211
526138 253470
645880 357723
283947 94711
629636 122339
830640 421258
565811 947350
895166 537945
231073 237984
581376 898319
794801 950909
540962 557305
791433 544170
