6079 12238
792 103425
525822 526857
80507 74980
219978 217840
67290 29982
59668 63423
73023 40137
600784 591451
35132 94952
601279 590795
83969 52458
111870 47728
90038 111342
4428 88963
90298 28041
76016 95837
34578 8097
594783 590663
253510 253734
41675 14714
72916 4049
265222 268660
25194 46249
74808 93267
26859 59300
782582 784552
443300 445319
68539 88713
33007 34762
38549 38227
86513 2191
111428 41432
27483 101582
91487 77032
32756 46515
139063 140829
664079 660871
112518 56236
898230 896440
3012 39796
760783 761051
67422 46567
80807 29414
69031 88277
98092 110613
947257 948729
14725 41015
94730 94361
22625 45146
96147 28738
75430 14027
40628 102717
555409 556701
45956 23877
105763 93142
2579 3624
382950 385357
104394 54403
50997 86499
61824 23737
603410 603128
66343 96656
93218 49632
39689 1721
413425 413821
87484 77137
83627 51398
7400 17465
58561 91942
20316 80289
178468 180006
101044 52704
83221 58640
450716 452754
28974 94859
72671 85660
47219 59236
372708 370678
72359 7887
62582 57386
664242 664946
314631 318283
15668 49610
565 49044
61121 45779
759272 762949
16198 73496
80920 83540
112058 99476
32507 52420
80267 16637
79557 98680
8586 53194
358276 351324
635824 636642
18766 49243
90965 6028
108067 94190
84901 84394
