264959 264973
228798 233654
144659 145425
63798 65733
31799 33199
178949 180279
598454 599669
502067 502191
48012 51491
343682 348028
941740 944392
91717 92063
672319 674334
91131 95654
960277 960311
732387 735168
554075 554434
29333 33469
824358 826992
204928 207537
327332 328245
96216 98286
609629 610925
461502 461538
948881 949155
11135 13358
721894 722818
390084 390308
329294 331456
64476 69342
293016 293893
176119 178307
41286 44333
512164 513332
910354 911785
773013 773216
951704 952005
387335 387531
593055 593190
680962 684474
792759 795610
90883 94361
49318 49691
21111 25895
75868 78127
104320 108066
223343 226275
504083 504487
234034 237760
292493 293716
368602 368787
989366 990682
93828 95670
219988 221851
70165 71359
884328 885201
55185 56854
355099 355172
792886 794561
71779 72482
520155 520905
450337 452021
514768 516246
370872 371522
481434 481679
818241 818529
977158 978206
708836 710077
159781 160764
494986 496848
100080 100855
598998 599412
771428 771752
798544 798938
760166 761670
345826 346813
812125 814063
920896 921697
591906 592761
189237 188116
192960 193837
99548 99884
451927 453262
9613 9941
631313 632084
495269 495997
29181 30617
932105 933902
670310 670991
550176 551874
44984 52545
1086 7600
13044 21907
84108 89957
21347 29652
893 2902
50893 57718
31908 36211
102280 110083
75215 84809
106171 112670
101092 102588
56206 59206
61174 62576
38128 47706
104836 112352
55396 56181
74542 78880
54313 57676
64597 71652
82565 96891
64270 80812
62260 89880
64295 74252
11827 32846
120862 123009
21891 30710
81314 85279
87861 101704
58687 47536
74288 84593
34856 45293
43632 69014
64617 93723
44228 53107
