119398 122670
7066 34749
669956 674547
326672 331729
6728 78035
3623 84748
6997 44558
31365 52495
45961 63068
467121 474903
124135 132408
225064 225236
46737 103132
4944 48637
325512 329723
63280 89437
325634 338740
43755 99569
82152 94046
526476 527534
91860 112639
49806 94735
12005 34383
584309 586159
590688 601984
25502 106873
18384 100849
7586 94443
6712 47514
921090 921802
2582 64648
116743 126223
27314 71868
170436 178889
4857 46525
124645 124992
20243 22312
125801 132277
37929 111995
191787 194145
615105 616146
58300 61506
77382 98845
401082 401643
610678 611717
23669 92424
50750 64421
7001 112992
18028 22718
48209 89221
9720 49682
396601 401595
10939 110501
119221 130761
11881 82086
30656 33876
493097 493807
9437 49184
32753 41081
56041 111450
4306 36705
526731 528818
796899 803208
35799 59065
830640 831558
8470 73141
227911 236702
25320 74470
372900 376460
83613 100753
11528 62766
69623 112104
439410 448684
37903 59745
14485 27952
15831 78711
37403 47697
79742 87652
264903 267825
3450 5807
230790 239097
27759 63771
72513 78495
88655 98871
40933 107114
553885 553890
83070 83384
520259 520794
546414 548303
767 111995
16385 85693
56448 60447
832048 833026
345577 349876
11984 42522
96470 101167
8007 29490
11440 54311
45658 106800
75386 79661
18961 76323
24020 83408
468598 469076
195415 200043
39509 87622
73844 96648
64240 75872
63879 81381
806900 807084
17717 21404
26727 81154
71771 95482
66127 105003
83521 88943
7795 93824
364784 368441
329326 332100
471509 471525
14530 30436
31028 78039
64455 65801
952365 952522
46971 69178
79716 106695
1874 29854
53706 91633
876288 877451
288873 289801
2943 96027
232272 232325
62776 113315
532213 536658
46308 99570
417 3705
332211 337949
26349 33208
863098 863227
24865 26746
338583 339708
20007 62350
682982 685236
8566 105910
18528 28427
89920 91672
25247 45048
59843 94602
74863 104353
47269 55961
42503 71591
23570 38589
470956 476621
670228 673561
39041 107347
518 111588
35694 104560
247087 253647
30043 63326
1518 15405
86759 91679
73662 88026
60631 88594
68769 78889
49588 109006
217769 221975
53230 84923
42118 82029
3772 107075
3549 27616
519322 520485
41001 70984
488474 491828
271566 276033
43330 104052
13944 96435
350099 356844
25841 50763
327423 332099
20694 32797
617195 617645
293361 302298
22107 73947
295600 297779
22289 61160
52011 78494
85449 104059
546734 551069
393238 397501
28162 81335
9343 77823
394258 401808
292617 299128
20033 40174
403591 403890
73718 108712
73766 74903
20471 24823
411021 413202
493843 498165
673008 677457
32766 50782
