138368 151176
151178 159486
159488 161438
161440 161534
161536 170074
170076 184488
242304 245984
245986 255112
255114 258206
258208 268757
268760 270270
270272 276733
276736 280574
280576 284136
284138 287002
287004 288614
288616 290750
290752 302353
302356 306022
306024 311326
311328 318973
318976 319654
319656 322877
322880 323069
323072 340149
340152 358344
358346 358846
358848 360360
360362 363238
363240 363454
363456 368977
368980 376830
376832 378042
425300 426205
426208 430504
430506 430760
430762 431898
431900 432922
432924 436126
436128 437306
437308 453531
453536 459034
459036 459758
459760 466990
466992 477792
477794 478461
478464 479482
479484 480480
480482 483590
483592 484317
484320 484605
484608 485886
485888 487038
487040 488166
488168 491969
491972 498686
498688 502440
540544 542958
542960 544040
544042 544542
544544 544858
544860 545182
545184 552294
552296 553467
553472 559784
559786 561149
561152 565246
565248 566718
566720 567064
567066 568273
568276 574005
574008 574346
574348 575864
575866 577229
577232 579326
579328 580966
580968 581501
581504 581882
581884 583078
583080 588542
588544 589438
589440 604707
637058 637947
637951 639309
639312 640640
640642 645755
645760 646139
646143 647848
647850 649384
649386 650888
650890 654190
654192 654570
654572 654618
654620 655358
655360 655960
655962 656414
656416 665066
665068 665214
665216 666110
666112 667374
667376 669920
669922 680299
680304 687870
687872 688552
688554 689638
689640 695066
695068 698592
698594 699048
699050 700486
700488 704510
704512 704622
704624 713574
713576 716688
716692 717693
717696 719224
719226 720721
747292 748030
748032 748200
748202 750830
750832 753661
753664 755624
755626 756085
756088 757697
757700 763674
763676 765339
765343 769640
769642 774621
774624 775336
775338 775786
775788 777434
777436 777437
806284 807406
807408 809128
809130 810813
810816 814438
814440 815870
815872 816059
816063 816814
816816 817288
817290 817774
817776 822138
822140 823782
823784 824186
824188 827390
827392 827960
827962 828442
828444 829086
829088 830203
830208 833774
833776 837798
837800 839677
839680 840701
840704 841725
841728 844646
859136 859718
859720 861008
861012 861520
861524 863797
863800 865845
865848 868990
868992 870170
870172 871450
871452 872253
872256 872760
872762 872824
872826 874613
874616 874618
874620 882814
882816 884158
884160 886206
912168 917160
917162 918069
918072 919450
919452 919517
919520 920558
920560 924906
924908 927002
927004 927210
927212 930042
930044 931456
931458 931998
932000 932064
932066 933981
933984 934942
934944 937598
937600 939496
939498 940478
963824 967181
967184 968635
968640 969211
969215 971773
971776 974077
974080 975014
975016 976333
976336 978942
978944 980382
980384 981286
981288 981856
981858 981928
981930 983038
