1 10
100 200
201 210
900 1000
22202 6885
12159 9069
11913 8562
35385 9067
46898 75716
452 14578
292 10712
1000 12
48702 2843
13527 19434
52998 17664
67402 2664
8649 75261
13890 58757
24549 39233
111 214
1863 29696
1251 15230
10549 11166
10759 5100
3256 136
11644 73006
2317 19915
20467 10152
33213 1861
35063 25394
17202 35699
35515 37175
72066 46849
72975 23319
88611 44402
40419 9210
39627 15818
13642 5496
8148 81809
40819 24546
45323 5201
8752 1174
703 15169
38759 43326
31135 218
18532 75136
35105 16465
8706 53634
33930 68630
27504 20650
208 1367
49302 2541
8179 27194
56043 45098
6359 63195
21241 22978
18689 1984
8891 47782
1394 41693
8678 64473
40096 6648
90979 9226
9931 1924
505 43458
1023 39238
30373 5827
30789 15316
66679 6700
12022 2585
1415 40860
1615 14072
29394 3415
3954 10702
2698 787
32416 851
43246 1404
2006 39184
8066 25482
4960 33138
11409 19358
9831 14851
2520 6338
23070 51777
68328 13631
2501 17619
943 17404
30863 4483
20818 688
11848 23652
43719 12681
3729 28787
16640 9445
2808 17327
61101 3402
16995 4784
807 4734
35203 31839
32060 1335
18889 51469
19234 12707
20265 5303
65754 7271
48055 65302
385 45330
12293 21906
35273 319
