1 10
100 200
201 210
900 1000
446945 446944
352582 352706
329474 329603
86728 86638
504211 504358
70809 70723
412160 412358
201968 201782
537538 537535
855614 855616
833441 833282
947817 947843
680533 680619
544822 544806
600971 600968
72503 72309
333450 333472
972541 972542
188510 188683
942717 942878
211398 211240
558295 558191
577597 577706
959731 959715
68404 68266
533727 533731
714502 714456
902653 902611
128678 128512
836903 836835
93978 93833
483790 483659
365383 365280
638296 638206
442508 442679
597283 597189
585308 585361
647511 647711
283626 283591
213717 213549
450505 450326
474491 474679
813083 813148
45350 45350
302248 302049
702819 702792
91019 91020
405519 405617
344580 344728
405045 404859
562217 562360
923441 923310
35069 34956
210123 210198
85872 85913
819597 819792
965510 965710
712625 712748
909837 909953
853892 853823
696190 696289
571670 571477
841286 841461
780497 780430
295592 295646
73603 73782
214530 214503
992253 992069
450570 450539
372625 372509
429203 429376
944552 944469
914741 914640
107816 107679
96894 96992
985708 985874
463055 463044
373319 373245
230339 230142
146733 146559
891903 891890
866172 866153
803638 803622
268199 268231
891464 891597
867363 867478
394534 394455
32454 32396
394040 393929
844395 844550
498960 499094
748638 748694
882587 882552
640293 640168
310299 310210
128539 128691
481189 481006
414400 414584
853235 853118
809629 809582
89568 89382
148862 149048
961421 961341
938605 938498
949439 949298
235842 235646
453566 453724
806538 806496
840571 840632
611586 611719
823024 823061
553303 553377
883532 883606
900555 900734
376208 376400
162383 162217
153262 153348
656984 656945
856464 856568
901938 901739
362212 362030
33315 33432
922799 922659
463891 463995
