9239 9276
340 2402
3105 6176
5286 5672
6506 9759
8317 1692
3165 3606
6778 9910
718 1111
2400 2957
2609 4229
8199 96
649 7819
1025 318
3062 2316
715 5267
2922 5796
1037 8507
1179 3134
5066 7675
4866 3113
173 1964
3500 7654
1938 7058
9074 2151
5290 4390
9378 7162
2945 1522
9826 1947
297 3898
9744 7152
2991 6338
928 2963
5339 1643
1063 4860
1480 1988
7771 2435
2498 5909
7710 309
4423 2648
7054 4643
5083 3943
1218 2680
6806 6663
2960 3924
1473 9960
984 8350
579 4023
42 5019
2033 3329
3319 9702
1742 6258
5155 6925
6466 3301
3778 8158
1393 448
9056 5780
6239 2588
1780 6581
2576 9182
1292 8113
3246 3239
8331 5029
5830 6952
1434 3931
1547 1192
8278 9164
1493 1592
139 9700
562 5148
3864 893
7868 9829
8397 4532
7274 7056
3876 7224
2206 3249
2009 9102
7414 4370
192 9370
6190 979
8152 8795
8063 102
6795 7970
3431 1338
7060 2264
2607 1329
5254 4280
2904 5542
3048 6274
5771 6716
4352 8396
1580 8567
2469 2694
8915 5590
1173 1917
3110 2942
4872 2327
296 8855
5595 8855
3289 7464
722 122
5944 9425
6810 6256
3457 9046
6286 3887
8235 8097
9817 2207
4869 8381
4142 4198
3412 8617
3031 3597
6415 5332
3219 9414
8135 7700
4964 919
49 236
9220 3933
34 2522
5879 7908
3679 2159
5172 7714
3275 7732
5771 7497
2172 7363
1474 6202
7980 7615
1565 6471
5294 196
4932 9787
4241 9926
7308 171
5992 1007
6801 3460
5443 5315
9452 341
3946 6175
7837 406
8954 1947
8755 1487
4684 4181
3140 379
1637 3549
2343 6492
6938 5915
2157 2800
7659 1667
9816 1925
6990 5164
7927 6012
6918 9863
7639 5239
6626 2997
5843 9254
30 642
9153 8403
5230 5521
1960 3584
3495 9873
2842 4495
4229 8937
7123 4864
8462 3283
7635 4681
8698 9237
8130 7149
3356 5137
57 6549
1791 3546
8040 6779
9048 1320
6265 1541
6046 6841
2837 521
3495 7787
8542 7752
5119 7632
7062 8212
1106 8442
4706 3240
1505 5967
4403 7103
3778 9803
4648 2148
8978 969
6483 7243
4819 5360
250 9413
9237 1219
4876 5645
6401 270
6492 2601
9002 3083
3960 1424
168 1576
8833 5771
9523 5604
