1 10
100 200
201 210
900 1000
1 1
1000000 1000000
497 211
600 500
1 113382
113384 134378
134380 138366
138368 151176
151178 159486
159488 161438
161440 161534
161536 170074
170076 184488
184490 191334
191336 201568
201570 204014
204016 207550
207552 212648
212650 213102
213104 226765
226768 239230
239232 242158
242160 242302
242304 245984
245986 255112
255114 258206
258208 268757
268760 270270
270272 276733
276736 280574
280576 284136
284138 287002
287004 288614
288616 290750
403140 405406
405408 408029
408032 415101
415104 419838
419840 420350
420352 420862
420864 425297
425300 426205
426208 430504
430506 430760
430762 431898
431900 432922
432924 436126
436128 437306
437308 453531
453536 459034
459036 459758
459760 466990
466992 477792
477794 478461
478464 479482
479484 480480
480482 483590
483592 484317
484320 484605
484608 485886
485888 487038
487040 488166
488168 491969
491972 498686
498688 502440
502442 504056
504058 510225
510228 516413
516416 516890
516892 517190
517192 523944
523946 524286
524288 525158
525160 531182
531184 537515
537519 538270
538272 539418
539420 540541
540544 542958
955588 955590
955592 956923
956927 957210
957212 957630
957632 958965
958968 960961
960964 963822
963824 967181
967184 968635
968640 969211
969215 971773
971776 974077
974080 975014
975016 976333
976336 978942
978944 980382
980384 981286
981288 981856
981858 981928
981930 983038
983040 983939
983943 983946
983948 984622
984624 991934
991936 997022
997024 997373
997376 997600
997602 997822
997824 999166
999168 1000000