117981 114871
103855 37587
447869 447046
122215 114183
103508 33724
58315 1890
66115 34416
12491 9631
70804 68965
602380 598089
615835 613515
6421 67267
487230 487558
18877 33975
99995 41857
22162 24215
28055 23689
52530 8196
21294 6836
70821 48803
235933 231173
19159 28415
55 84316
121049 113707
22121 3774
934862 934343
67577 11553
88579 82725
89601 22718
53368 48376
933622 932341
111201 45326
221457 219897
63182 101399
74498 61896
47927 60443
743737 742964
451610 452349
380609 379728
22203 113108
18753 61032
21533 84462
89772 55585
97451 101457
41373 43109
9019 70302
109462 94214
222156 225453
70275 30736
18201 16624
756678 757199
87325 46368
592967 600286
81021 34671
495819 496856
685183 685418
65443 59445
14804 102167
27150 90167
69535 79104
92092 32887
799597 799388
87960 671
92002 45456
90109 32687
631312 631437
82767 112695
99900 95557
72308 87176
108301 100253
95624 89683
36144 52843
35449 109894
142417 148137
446459 446353
20338 18954
33069 92083
524705 524423
116637 119194
597549 601234
53614 76788
99404 102462
13227 86665
63387 14969
108400 91495
105548 11478
88425 22554
104095 73886
355 81466
57489 88627
235112 230313
86412 88805
364077 365599
41029 26386
77907 26679
59596 81367
381423 382600
77147 35146
74292 73758
597060 601680
327292 330973
53647 77423
1833 76576
34167 896
367791 366685
100968 85961
38238 101992
80078 15531
3000 60722
375018 371031
47543 45115
78629 77917
497913 497496
474517 471632
663872 656540
38351 109085
97022 111508
97196 6806
104640 6804
404202 404993
39759 1022
642244 644811
44939 17900
62690 82779
119808 120658
25757 51693
56624 102172
122101 128218
66882 42016
145758 149549
543436 543090
67492 107355
79437 143
41121 98029
86576 19815
14192 1372
22887 88150
84170 23593
770861 770863
1979 20206
4167 75708
641290 643733
670136 674895
802708 798424
328716 336278
100621 76996
29114 60354
49712 102696
24225 109688
101578 1079
947933 949236
177894 171807
971268 970061
986135 986614
535487 533194
44276 22265
18963 8469
5798 92259
40933 52921
663446 661371
8367 76511
2645 75256
14356 39461
28215 53107
463223 460713
338231 327679
641663 641555
13579 35661
104245 62495
42876 64519
32728 21868
111904 79344
26085 36021
515995 515085
746867 739541
105377 21831
438811 443160
69975 80737
124218 119231
102920 35400
69359 5526
80774 89118
39247 83220
47304 27616
793055 795193
133437 120992
62750 74568
33882 64582
254130 251866
76819 26140
2621 19630
20113 53567
143492 146179
14745 41105
50458 53126
49001 10424
18419 35128
1934 4276
23322 57014
71721 65326
