62708 63551
75268 73604
2898 1733
90678 90014
130680 130794
57268 57260
119004 120896
29492 27688
55998 55620
123070 123320
142968 141688
112144 113045
112860 113119
110376 108696
45150 44679
7280 6240
158175 156456
156429 157327
59400 60929
29841 28894
165807 166004
5751 5985
78100 76553
152755 150837
35112 33387
33872 35758
79560 81437
137116 136374
54720 53176
30381 30847
231570 231658
35209 35224
166668 167205
110240 110575
186384 187586
186320 186656
141502 140837
55242 55240
230400 228672
181250 180639
22932 24091
212824 213185
158166 159302
220626 220755
51168 51789
125286 125298
1 123456
203838 204474
173340 171800
331004 330355
66850 68235
33725 34463
343434 434343
4 4
524288 524288
2 2
2 1
1 1
3 5
100 99
7 11
999998 999999
713 281
46620 45274
2470 1190
62835 62209
56811 56330
8170 7745
23716 22442
67830 69417
105192 103214
90288 91582
103077 103426
1 1000
1 10
100 200
201 210
900 1000
60 1770
4028 3014
754 896
1582 1
1430 143
3870 4766
4094 4756
207 539
2396 1900
4064 4289
60 1770
17908 19201
35490 34054
2665 3817
5355 3431
37536 36057
32800 31439
44944 43760
32832 32749
754 896
999999 999999
555 555
1 2
