746364 746539
984527 984553
913568 916071
612108 612175
463858 465879
530843 531030
54433 57372
386865 387199
327295 331975
625871 626320
596015 598826
888549 888873
615944 617756
863816 865052
237149 237649
340753 355627
95637 100344
223014 224895
617652 620712
651938 652243
339434 340022
363894 368961
129869 130420
611385 611839
470488 475468
965974 966698
37348 92079
258297 268536
440082 451642
895333 900168
484866 485879
266512 268525
378258 378721
774309 774502
130959 131292
253654 254365
546929 547279
657026 664697
470415 472879
352368 357189
519175 520575
160447 160965
558324 558560
231992 233277
500408 500409
715210 715264
351238 352927
142458 151094
223929 225918
714111 714874
529738 530618
391074 392192
316655 317645
86340 106002
42274 78626
550400 550458
947362 948409
720844 721265
43516 81311
675911 676637
697296 697805
929897 929982
364669 365200
414280 414311
92979 103119
665035 665049
257313 257887
436980 437249
550231 551563
883213 883830
448828 453281
461585 461704
675525 679642
809581 809938
957924 958330
654389 654511
330350 336615
283640 283712
841441 841669
83976 107567
358047 358263
53180 101319
686485 687868
258253 263874
149376 150217
864220 865747
126185 131480
478612 479332
57743 74719
621320 622361
980414 981283
190541 190833
404426 405204
877179 877548
327180 331091
578400 578832
771384 773497
872327 872526
97632 111488
803384 803504
705855 708057
819737 821649
182188 182843
250688 252669
890633 894592
661536 664612
418314 419750
59167 106372
824837 826155
776296 777179
240106 240169
141100 149072
578576 579256
922353 923033
236909 239225
676906 677351
867209 867406
703196 703548
809749 810231
430676 430746
46557 103861
722606 723533
830269 832104
137638 138197
732164 732184
208244 211680
677557 678436
458354 458381
286003 286572
103206 104981
4689 49284
935301 936320
956256 956583
429184 430456
490738 491915
278061 280216
156540 157350
898991 899243
866211 868443
168273 168694
58020 94539
748132 748147
884376 884465
717971 718568
706488 710412
307604 310295
39540 55488
706229 710788
268755 268755
510209 510216
168047 169291
713220 713445
302532 305170
972338 973785
98628 102528
749979 750311
476063 476977
107202 108023
981306 981439
96150 110377
410753 413771
154045 156339
779971 780038
331001 331911
660642 664562
380390 381248
355569 357859
764754 764785
456853 457342
937514 937543
408262 414704
915545 916685
279633 279953
999810 999838
490546 491149
362620 362988
675660 679460
816203 816647
208857 209620
205928 207421
873116 874547
406208 407697
848687 849305
788099 788371
540166 540449
577182 577219
154523 156365
76735 102025
37368 92801
432294 432540
693490 694902
39009 107152
928112 929081
777558 778928
687294 687378
436067 436092
342194 354076
597188 598193
110530 112512
48159 97555
