1 10
100 200
201 210
900 1000
1 113382
113384 134378
134380 138366
138368 151176
151178 159486
159488 161438
161440 161534
161536 170074
170076 184488
184490 191334
191336 201568
201570 204014
204016 207550
207552 212648
212650 213102
213104 226765
226768 239230
239232 242158
242160 242302
242304 245984
245986 255112
255114 258206
258208 268757
268760 270270
270272 276733
276736 280574
280576 284136
284138 287002
287004 288614
288616 290750
290752 302353
302356 306022
306024 311326
311328 318973
318976 319654
319656 322877
322880 323069
323072 340149
340152 358344
358346 358846
358848 360360
360362 363238
363240 363454
363456 368977
368980 376830
376832 378042
378044 378848
378850 382669
382672 387310
387312 388718
388720 392958
392960 403137
403140 405406
405408 408029
408032 415101
415104 419838
419840 420350
420352 420862
420864 425297
425300 426205
426208 430504
430506 430760
430762 431898
431900 432922
432924 436126
436128 437306
437308 453531
453536 459034
459036 459758
459760 466990
466992 477792
477794 478461
478464 479482
479484 480480
480482 483590
483592 484317
484320 484605
484608 485886
485888 487038
487040 488166
488168 491969
491972 498686
498688 502440
502442 504056
504058 510225
510228 516413
516416 516890
516892 517190
517192 523944
523946 524286
524288 525158
525160 531182
531184 537515
537519 538270
538272 539418
655360 655960
655962 656414
656416 665066
665068 665214
665216 666110
666112 667374
667376 669920
669922 680299
680304 687870
687872 688552
688554 689638
689640 695066
695068 698592
698594 699048
699050 700486
700488 704510
704512 704622
704624 713574
713576 716688
716692 717693
717696 719224
719226 720721
720724 723944
723946 725386
725388 726056
726058 726477
726480 726909
726912 728830
728832 730558
730560 732250
780392 780734
780736 781950
781952 782334
782336 785917
785920 786430
786432 787738
787740 788582
788584 796774
796776 803870
803872 806275
806279 806282
806284 807406
807408 809128
809130 810813
810816 814438
814440 815870
815872 816059
816063 816814
816816 817288
817290 817774
839680 840701
840704 841725
841728 844646
844648 847870
847872 849408
849410 850078
850080 850595
850599 851226
851228 852411
852415 854190
854192 856730
856732 859134
859136 859718
859720 861008
861012 861520
861524 863797
863800 865845
865848 868990
963824 967181
967184 968635
968640 969211
969215 971773
971776 974077
974080 975014
975016 976333
976336 978942
978944 980382
980384 981286
981288 981856
981858 981928
981930 983038
983040 983939
983943 983946
983948 984622
984624 991934
991936 997022
997024 997373
997376 997600
997602 997822
997824 999166
999168 1000000
1 1
1000000 1000000
200 100
