1 10
100 200
201 210
900 1000
819010 638440
20923 275919
596335 560285
915393 237412
340045 293536
265493 368112
630311 522031
336624 755256
139777 150423
2203 257448
31777 811380
75054 71680
854211 220121
389863 424586
395343 588607
914018 72387
928105 99674
125489 356594
732862 894492
453466 605892
391334 568383
628143 634166
542516 321765
56588 154386
819879 712885
448179 69900
306487 334606
374835 245911
704059 20504
687290 627917
675213 647398
3959 614984
209982 85906
46891 794986
200875 926777
916273 595856
892704 463121
332864 311772
966651 665830
441269 712321
503320 718428
875043 44986
775348 209211
302649 881584
220773 989213
394568 18522
105468 191749
958420 124730
373592 39082
67326 777064
419371 812399
373569 623790
453255 214455
595885 489447
125742 194894
833561 396834
227470 716883
610004 825744
251634 756035
522612 961928
37200 81373
537223 479506
63079 688228
812080 65395
525930 177840
788754 342682
393911 129283
34687 678473
423835 212323
888012 204322
578656 912496
901550 279845
759678 715602
857535 145091
102508 511691
959773 317484
233498 935257
454782 93359
321085 113692
906517 429837
485190 518873
657887 891398
19337 380071
336099 995973
68361 227097
72640 170018
7184 301589
215585 453550
447618 139369
741046 69617
