1 10
100 200
201 210
900 1000
37686	45741
17578	38844
11244	1048
89123	86427
25858	64204
59779	61050
5747	59466
91897	98588
5383	3713
31767	104701
31705	85602
63652	83879
34651	27757
3117	56515
104439	112413
59687	98510
101220	10623
105323	83361
112875	2508
28568	37345
46936	55321
101716	65687
111462	54966
94547	58045
13348	81987
109515	29952
110181	29624
15126	68703
17919	30961
38574	33890
79636	113293
72947	39552
47618	58312
5779	91955
61321	9952
99623	21157
12314	61149
68875	2624
58182	43115
98035	53175
104087	52596
71335	109525
43694	76535
77865	4790
17356	76692
27204	2090
45839	34425
1867	105232
46769	38386
23013	62103
80212	31969
38331	43217
15249	72736
16584	104990
49389	37932
107898	3358
95089	101887
70716	21418
103932	13385
854	300
38479	112968
13069	109499
88604	99390
87031	25659
109895	101074
32132	73267
90369	95692
54599	72135
91	49893
69685	72593
102957	5742
45442	90843
44695	11430
60162	9210
39562	86947
54402	77381
76072	39479
106155	45233
37551	42205
51324	36388
91984	24628
12907	93401
39094	26804
40301	71586
61794	102724
79900	18243
90942	104646
19158	112585
103470	105483
18696	15135
71102	48819
73635	63020
68406	46254
69723	47367
49861	98119
53279	13506
92101	47964
82413	61355
17586	73728
77137	43379