1 10
100 200
201 210
900 1000
36268 90917
94641 27175
22112 39979
27997 69438
69085 30620
86310 66124
80611 46138
16548 50996
14333 37142
46736 21403
93132 58947
7610 20428
17941 41890
52634 75147
91810 75362
85470 28586
60428 34848
98720 92532
32668 6649
96659 13120
94086 94291
94589 51918
18589 326
79959 18883
37098 82036
74370 56514
31714 19827
3093 53801
46025 62292
82302 75903
33669 74704
8358 27387
97513 80004
51267 43587
85974 13536
50299 58373
84955 3451
80135 43625
66925 12351
19646 33629
57765 39267
3996 66618
15322 22185
59767 98828
11978 13277
38808 85278
29805 89433
55313 60121
70883 97697
38542 7380
14754 74605
43894 66316
97139 74595
27579 44813
35743 61225
14032 18131
96811 24469
25434 85722
24005 78570
69857 83258
45823 54968
30054 77961
28939 4124
7241 22550
49770 9256
56456 4407
83264 27959
64909 52435
75188 30541
62594 41490
25133 71647
8770 44163
85886 8250
50248 7133
91764 93169
37563 23861
6466 29700
38894 84481
83200 36900
61701 17825
74418 27743
68570 70241
43064 30380
80515 3430
59682 29598
6596 9409
10555 46263
51986 53437
63076 94246
17043 90152
39959 20847
41010 36304
29438 26722
45372 78331
13787 61186
88093 37286
74870 38767
91998 30579
94076 10184
23796 21447
59716 69166
73283 44234
85557 70745
86519 24930
69562 6062
36472 10112
77781 18276
93243 8683
14035 47935
37540 40490
49452 58734
78081 8647
53855 50404
59796 27046
13662 48941
80121 73364
3856 6187
53506 29080
40195 13189
39969 65875
