1 10
100 200
201 210
900 1000
3178 4159
5721 6780
198 436
8736 9384
18000 18000
15120 21548
47933 5303
280900 280916
68577 45877
26823 29613
34179 30757
74498 100000
999555 999999
470741 475696
62575 60859
45447 69423
69842 40232
86372 29999
21193 26849
107010 16546
667824 667824
67447 42319
500000 501000
59024 85655
51585 51401
27904 33215
58073 73647
18861 34786
30124 67131
82716 10233
25094 95097
529604 530983
99717 81488
89833 58677
445164 447200
361355 361131
57438 85086
10664 15170
55344 44946
93119 3885
548936 551435
111970 69392
30049 52512
47876 25438
40926 2735
106358 28934
58587 59748
771153 770333
89311 100617
52260 28659
31279 85468
356352 357426
672660 672889
62252 64396
65125 50545
109685 8103
20518 14094
27085 26243
21057 31560
46723 60822
66933 78390
122113 117265
112854 67008
45192 27975
32655 51798
21744 32625
43658 23463
106673 104767
47048 64187
39070 27982
374106 374106
402581 402600
497460 494408
62499 71928
37092 85876
39143 29949
30528 37309
9117 90088
147134 150983
384413 384032
53115 36833
43334 17421
16176 67209
8207 100685
1 100000
100000 1
1 50000
50000 1
12443 108628
26118 34139
57486 34507
69982 13832
12082 42799
49848 63290
50323 21322
31364 18948
4691 10483
1 2
1 1
100000 110000