122892 120287 
35042 7921 
671059 676111 
333131 327028 
78535 8436 
429977 427258 
86726 4099 
46532 8289 
32091 52902 
46587 64500 
242790 244000 
467383 475256 
125997 133849 
226303 226595 
104962 46872 
5940 48857 
331201 327561 
90620 63913 
327606 339059 
44206 99644 
83327 95392 
528153 527874 
92272 113032 
50021 94862 
13234 35890 
586255 587635 
592062 602100 
26346 108280 
18389 101441 
8212 95230 
8183 48892 
922958 923662 
66652 3763 
118056 128234 
27658 72909 
171117 179085 
47010 5186 
125643 126478 
21941 23028 
132808 127599 
38653 113258 
530151 525435 
194506 193588 
617361 616953 
58505 63357 
99949 77565 
402381 401090 
612701 612685 
94113 24659 
65795 52759 
89491 1013 
50558 631 
18255 24279 
89522 49144 
50651 10022 
10949 111251 
921056 923190 
132077 120349 
12357 83041 
35155 31067 
494972 494454 
50824 10791 
34500 43064 
57047 113095 
5542 37620 
529327 528364 
59263 35978 
831665 832694 
9386 73185 
227991 238620 
26676 76091 
489809 488525 
84604 102012 
12562 63960 
112170 70520 
440373 449183 
60307 39808 
29544 16200 
16636 79465 
48005 39325 
89636 80177 
240644 240125 
5478 7748 
788602 794132 
64187 28336 
78689 74510 
351093 340534 
99585 90376 
108468 42527 
554845 555284 
85530 83158 
521716 522381 
550332 548549 
86457 16421 
57111 61144 
833386 832074 
351622 346820 
43814 11988 
102396 97328 
30833 8103 
54512 12568 
107910 45885 
81706 76564 
20652 77480 
25203 85089 
470135 470787 
200278 197052 
41209 87916 
97560 74714 
77637 64531 
82110 64008 
807542 808896 
17723 21612 
27699 82099 
844878 847509 
435952 434325 
72352 96947 
67461 106923 
84688 89000 
9214 95282 
951663 953539 
330860 332589 
472787 472729 
31104 15073 
78312 31478 
66266 65928 
953021 953706 
70357 48755 
80957 107013 
31200 3005 
92090 54496 
876964 878489 
290359 290328 
4878 96129 
233506 233522 
100606 48236 
1933 5378 
333249 338746 
33602 28173 
26839 27707 
339421 340024 
63394 20474 
687243 684884 
10255 107638 
19209 30365 
92972 92062 
45481 25613 
95138 61291 
76167 104721 
47477 56508 
629387 627142 
44048 71748 
25472 40605 
672311 674790 
107846 39467 
2084 111799 
35852 106376 
247489 253935 
490755 489697 
64992 30530 
3581 17148 
835237 835903 
93775 88450 
73811 89541 
61284 88795 
681589 686160 
829327 829160 
81008 70259 
50742 109045 
223604 219686 
54894 85986 
83544 43388 
108340 4191 
29166 3739 
520799 520510 
