1 10
100 200
201 210
900 1000
1234 54235
2134 5
2346 5423
324 6354
234 10000
342 642351
123 56340
324 12903
234 135
100000 200000
200000 300000
300000 400000
400000 500000
500000 600000
600000 700000
700000 800000
800000 900000
900000 999999
500 5000
300 300
50 1
1 50
600 50
87 500
500 550
600 650
700 750
750 800
800 850
900 950
951 1003
1000 5000
200 1234
1465 6543
6543 646
5684 436845
4684 4546
32432 324234
234 875
684368 436846
6464 64682
36 444368
3214 4736
365 54765
5674 867
3245 658
546 56
2354 587
3245 678
9 324
867 3254
867 435
089 234
4 326544
435 906
456743 3254
45 658
324523 874
436 57651
3245 56765
234 6754
124 67864
12341 657
1234 678
7865 123
320957 345
1324 698
98432 23095
43597 754
32 409853
435 756
324 654
3245 765
435 867
3245 67400
1 5000
5001 6000
6001 7000
7001 8000
8001 9000
9001 10000
1 50
2 100
5986 255112
258206 255114
268757 258208
302356 306022
306024 311326
436126 432924
437306 436128
437308 453531
453536 459034
466992 477792
342 2342
563 423
478461 477794
478464 479482
502440 498688
502442 504056
504058 510225
510228 516413
516890 516416
123 34215435
1234 531245
234 1235
1234123 1234
3423 23423
1234 65234
3245 4312
1234 63456
