97467 66601
573317 570492
298490 295499
103348 32172
741222 739299
66249 86990
40743 53144
14412 59479
110294 11017
110991 76376
59426 28067
80154 68977
897525 897490
755199 754552
80308 19593
18859 28828
86317 106312
36421 68972
382853 386966
22765 34986
33062 84303
98738 110751
55382 84292
51735 38602
728802 727208
46007 42772
58106 10946
410399 411305
111544 28656
561859 564350
15033 1842
40403 84506
17808 70847
61690 10947
717774 718116
59476 58976
491586 491953
91583 34190
743872 741933
617059 617320
122980 126381
23856 5510
88883 67764
438469 440610
11735 48628
547597 549373
90086 27710
78592 102296
58531 81198
69232 21743
86469 57911
130908 115381
400044 402260
24605 80261
39129 40072
356264 345318
221743 216242
681861 683403
62315 25496
112466 66343
826693 825604
46017 31600
24745 34596
294732 294815
106407 68339
720910 721894
66444 104712
32073 28806
35733 37545
100857 3296
71774 76077
108354 56791
26160 95022
99538 57602
95731 57229
46588 67183
525963 528136
226967 231367
52927 45042
53762 85739
47928 51019
17881 52630
31639 89965
87997 112818
116840 127369
82379 67609
104812 17630
233950 233336
66975 7619
744673 745105
44526 59720
46852 100161
34307 4251
95475 44353
170506 175400
97408 39758
57537 48410
991219 989960
113010 64317
594339 589799
27132 31984
58476 87092
45611 100013
37287 50500
899758 890075
73077 78111
36381 55389
7311 25014
45021 111985
451587 437372
46326 97107
65891 50415
98998 81283
677006 679784
264944 263121
108375 65039
74060 17516
103472 1914
105642 90210
291039 291747
10076 79917
30407 98543
40354 69113
51959 78317
110978 11521
94790 85212
333888 339042
21542 104178
10050 81244
111781 63429
3253 16623
36143 9905
29219 53912
34365 73005
99955 9051
568285 569560
393429 397543
119007 117422
74103 19720
49480 62372
51253 102609
3739 4845
142757 142894
895067 893007
413022 408507
99138 70689
6368 5895
93100 70398
156306 158061
86920 52921
68307 100736
542711 541094
598393 602030
36945 9949
48839 68815
13725 99231
604451 601833
367310 366202
118139 129451
15452 46758
130583 119446
5632 8328
20955 59940
56565 88276
274890 272062
170461 176316
351039 348729
30696 77941
55724 106377
917012 912950
42097 56704
400521 398185
339482 334586
20722 111883
598800 604293
599735 597359
22544 95512
129901 129940
111096 75388
900489 900138
89281 32889
783691 783325
102875 21934
95785 66648
896603 892347
51018 46952
3619 61092
71129 74543
191675 194081
75788 76485
938808 938255
53473 65626
66674 42201
42692 95127
96221 70846
99186 65571
55200 51113
122766 114880
73008 40816
60205 32764
62539 76129
91134 105001
321792 322250
88735 49726
763093 761011
61365 81532
92063 35683
78112 103851
338687 336905
629186 629124
303798 305589
8260 61198
8842 100449
2459 31241
64415 35909
49917 100115
675529 677146
109392 31425
620858 613805
327565 333348
42754 1544
98303 33949
706085 706918
23703 67599
35739 23217
498349 496193
226342 215184
99178 91087
469325 468672
50764 71179
112276 49657
685500 682426
2352 14294
65961 88551
73291 19633
105653 104393
51854 101526
89884 541
12073 66400
393209 400696
56729 78899
99732 39177
945 37679
75102 62316
74328 5744
112101 2149
801947 799500
83769 43890
357351 341093
458425 458436
71896 51990
35157 99628
91869 3289
54723 27239
80540 98250
434 77993
105581 361
76563 15475
33022 22776
34039 2144
692428 692304
788731 796729
568581 569808
110462 95570
110469 46654
295982 294594
60565 22205
73821 3884
109890 78348
48331 11482
191858 191337
46490 8207
438054 447673
109081 78461
22334 64779
23095 79871
28169 5286
224606 221420
768905 768726
236788 229039
78425 31671
65148 34356
400723 399625
128523 115872
881134 878456
11167 40325
50318 53979
209252 212039
72602 54256
96187 48304
99795 23427
9610 16290
50703 28824
301263 293584
109908 25872
410071 410664
306959 308314
48055 57255
501 42059
47613 6762
