84374 84888
50681 50798
63201 63649
51010 51814
80715 81330
98089 98627
96752 96893
66639 67269
72367 72791
54903 54925
29233 30117
29041 29700
65063 65880
57730 58043
25584 26473
64776 64782
79360 79918
72408 73212
65865 66270
99240 99692
97687 98434
27602 28452
61495 61850
45076 45874
28556 29295
52369 52666
61778 62062
6317 6515
26413 26918
91989 92256
83216 83839
53551 53757
31784 32184
14063 14411
58491 59133
60130 60599
65708 66662
54751 54943
20025 20071
41872 42163
5253 6151
73611 74539
17753 18509
27451 28058
78814 79195
43498 43540
97352 98077
45387 45883
42525 43454
54490 55212
83410 84111
32978 33669
20668 20865
89195 89778
19714 20488
12714 12845
21002 21697
29122 29350
79508 80100
52211 52335
55266 55716
98166 98446
66633 67274
60892 61510
60607 61185
50396 50690
40956 41500
11394 12042
16686 17242
85530 85959
48071 48518
26349 26356
30954 31454
80452 80905
53134 54051
13025 13080
91479 91536
92539 92555
48839 49510
97085 97212
26833 27436
82022 82450
14776 15148
9359 10009
33104 33487
92124 92867
67114 67165
47109 47175
43164 43851
62001 62746
24665 25492
88083 88399
73240 74025
67703 68545
95112 95856
59960 60818
35997 36902
81910 82345
31849 32018
94304 94942
57221 57709
61660 61808
76297 77163
33189 33655
66792 67771
29309 29995
93771 94610
48502 49181
54975 55392
82228 82882
7137 7220
58087 59020
39935 40727
91393 91416
98225 99189
49457 50092
86233 86320
58416 58994
7007 7595
58985 59022
78181 78855
75803 75875
64435 65308
64967 65131
76121 76789
6126 6386
24368 25311
47060 47936
12024 12443
96119 96249
44123 44390
63752 64039
23023 23184
38371 39040
78309 78595
94358 94669
17184 17724
86234 87109
88666 89660
6470 6944
58190 59097
90243 90440
80203 80993
35804 36358
81639 81680
66133 66156
69819 70496
78973 79607
25375 26324
32943 33349
26635 27179
57549 58252
93679 94645
93342 94251
40890 41493
94007 94091
32090 32411
73150 73231
4476 5183
98781 99031
85919 86334
89395 90171
33533 34071
12450 12879
23929 24148
36213 36860
87509 87769
71519 71893
16372 16621
23393 23617
79768 79860
28648 29040
40078 40893
83540 84414
63989 64314
19581 19915
60411 61218
75917 75952
29766 30413
58539 59297
11071 11338
19019 19625
15790 15818
87129 87218
17521 18495
17506 17830
13369 14102
88636 88809
15041 15384
78740 79485
75393 75787
92426 92465
45593 46519
6553 7102
88974 89482
65586 65752
83992 84075
39227 39319
80902 81387
17824 17916
