1 10
100 200
201 210
900 1000
1 1
999999 999999
55789 58564
302926 304681
26969 83069
94997 13365
201057 192462
107956 9109
292795 298232
70848 8323
3550 92142
3450 12863
30097 66896
69292 81021
47423 4282
864741 864272
450760 444828
61486 106660
674046 677819
89771 55693
200093 197734
9364 73519
10934 79997
22527 18326
104309 109317
51432 75419
85183 25126
109926 8721
88996 74962
385826 385477
112985 80557
85664 74528
27802 37600
294775 292206
9151 4884
35627 35019
74643 85166
86882 105998
35001 76896
5446 4933
5984 43313
443785 451481
101668 32749
8742 7464
51497 73948
60063 82271
71986 55607
85615 49333
596815 594572
46027 69353
38525 89551
144231 142702
108964 16754
34656 71149
76260 87479
65499 64961
77550 64997
63547 70950
45544 82745
166573 167711
18501 59336
77879 18398
72000 93229
536128 537300
26819 27513
30810 53681
111592 72833
91351 95571
3000 15570
25385 89795
15490 83625
90017 21156
108067 98751
98848 10450
332735 336414
399245 402415
81707 50988
684237 680812
73264 104908
10743 92312
33814 29426
16105 69116
1339 70739
22840 16934
62608 16649
87388 28977
65709 30356
586605 583747
323906 335510
25872 112928
8893 102874
90749 37920
2335 50720
59839 72390
92295 16953
34628 31358
227435 231741
60536 9175
31751 16208
4092 48569
369607 370871
41126 32740
29388 105981
90103 112528
48111 28131
69224 12424
45892 7935
105689 51345
87904 59038
106697 57780
509659 509197
13570 61866
68587 48095
101703 28666
43890 26613
118161 118538
22669 21481
361207 361909
106285 88590
48443 109776
93109 108429
73960 81150
14678 44530
39186 14770
108042 16849
19925 49243
63559 13000
92533 9501
46477 90232
103346 39400
16119 12363
17668 41216
36182 97718
526343 529190
477017 476558
327871 335240
704688 705150
890426 901023
265089 267141
237070 235907
257158 255137
355851 358290
314777 316718
392140 391953
335454 329694
210244 211543
187380 185879
299218 301277
819440 819724
330962 328009
115758 123908
835465 834841
421656 422950
701505 702512
801357 800414
600576 604212
659538 661284
617389 615215
599905 591834
528904 527243
744432 738248
800689 798161
675997 674851
504946 508566
615910 615538
801243 799302
788720 793214
590309 599452
601456 600340
595697 595585
617760 617192
671321 679660
594945 598504
916100 914156
922312 923362
986247 990094
911928 911982
943869 940687
948039 950829
913018 916241
901836 905862
955450 951617
947104 950054
991778 985320
937222 935406
904234 902562
923016 923836
993911 993155
933436 933662
985147 987356
949301 947367
961100 962449
913382 916566