1 10
10 1
100 200
200 100
201 210
210 201
900 1000
1000 900
1 1
1 113382
113382 1
113384 134378
134378 113384
134380 138366
138366 134380
138368 151176
151176 138368
151178 159486
159486 151178
159488 161438
161438 159488
161440 161534
161534 161440
161536 170074
170074 161536
170076 184488
184488 170076
184490 191334
191334 184490
191336 201568
201568 191336
201570 204014
204014 201570
204016 207550
207550 204016
207552 212648
212648 207552
212650 213102
213102 212650
213104 226765
226765 213104
226768 239230
239230 226768
239232 242158
242158 239232
242160 242302
242302 242160
242304 245984
245984 242304
245986 255112
255112 245986
255114 258206
258206 255114
258208 268757
268757 258208
268760 270270
270270 268760
270272 276733
276733 270272
276736 280574
280574 276736
280576 284136
284136 280576
284138 287002
287002 284138
287004 288614
288614 287004
288616 290750
290750 288616
290752 302353
302353 290752
302356 306022
306022 302356
306024 311326
311326 306024
311328 318973
318973 311328
318976 319654
319654 318976
319656 322877
322877 319656
322880 323069
323069 322880
323072 340149
340149 323072
340152 358344
358344 340152
358346 358846
358846 358346
358848 360360
360360 358848
360362 363238
363238 360362
363240 363454
363454 363240
363456 368977
368977 363456
368980 376830
376830 368980
376832 378042
378042 376832
378044 378848
378848 378044
378850 382669
382669 378850
382672 387310
387310 382672
387312 388718
388718 387312
388720 392958
392958 388720
392960 403137
403137 392960
403140 405406
405406 403140
405408 408029
408029 405408
408032 415101
415101 408032
415104 419838
419838 415104
419840 420350
420350 419840
420352 420862
420862 420352
420864 425297
425297 420864
425300 426205
426205 425300
426208 430504
430504 426208
430506 430760
430760 430506
430762 431898
431898 430762
431900 432922
432922 431900
432924 436126
436126 432924
436128 437306
437306 436128
437308 453531
453531 437308
453536 459034
459034 453536
459036 459758
459758 459036
459760 466990
466990 459760
466992 477792
477792 466992
477794 478461
478461 477794
478464 479482
479482 478464
479484 480480
480480 479484
480482 483590
483590 480482
483592 484317
484317 483592
484320 484605
484605 484320
484608 485886
485886 484608
485888 487038
487038 485888
487040 488166
488166 487040
488168 491969
491969 488168
491972 498686
498686 491972
498688 502440
502440 498688
502442 504056
504056 502442
504058 510225
510225 504058
510228 516413
516413 510228
516416 516890
516890 516416
516892 517190
517190 516892
517192 523944
523944 517192
523946 524286
524286 523946
524288 525158
525158 524288
525160 531182
531182 525160
531184 537515
537515 531184
537519 538270
538270 537519
538272 539418
539418 538272
539420 540541
540541 539420
540544 542958
542958 540544
542960 544040
544040 542960
544042 544542
544542 544042
544544 544858
544858 544544
544860 545182
545182 544860
545184 552294
552294 545184
552296 553467
553467 552296
553472 559784
559784 553472
559786 561149
561149 559786
561152 565246
565246 561152
565248 566718
566718 565248
566720 567064
567064 566720
567066 568273
568273 567066
568276 574005
574005 568276
574008 574346
574346 574008
574348 575864
575864 574348
575866 577229
577229 575866
577232 579326
579326 577232
579328 580966
580966 579328
580968 581501
581501 580968
581504 581882
581882 581504
581884 583078
583078 581884
583080 588542
588542 583080
588544 589438
589438 588544
589440 604707
604707 589440
604711 604712
604712 604711
604714 606846
606846 604714
606848 608110
608110 606848
608112 612045
612045 608112
612048 612966
612966 612048
612968 620970
620970 612968
620972 622653
622653 620972
622656 623294
623294 622656
623296 626330
626330 623296
626332 629758
629758 626332
629760 630526
630526 629760
630528 631294
631294 630528
631296 637056
637056 631296
637058 637947
637947 637058
637951 639309
639309 637951
639312 640640
640640 639312
640642 645755
645755 640642
645760 646139
646139 645760
646143 647848
647848 646143
647850 649384
649384 647850
649386 650888
650888 649386
650890 654190
654190 650890
654192 654570
654570 654192
654572 654618
654618 654572
654620 655358
655358 654620
655360 655960
655960 655360
655962 656414
656414 655962
656416 665066
665066 656416
665068 665214
665214 665068
665216 666110
666110 665216
666112 667374
667374 666112
667376 669920
669920 667376
669922 680299
680299 669922
680304 687870
687870 680304
687872 688552
688552 687872
688554 689638
689638 688554
689640 695066
695066 689640
695068 698592
698592 695068
698594 699048
699048 698594
699050 700486
700486 699050
700488 704510
704510 700488
704512 704622
704622 704512
704624 713574
713574 704624
713576 716688
716688 713576
716692 717693
717693 716692
717696 719224
719224 717696
719226 720721
720721 719226
720724 723944
723944 720724
723946 725386
725386 723946
725388 726056
726056 725388
726058 726477
726477 726058
726480 726909
726909 726480
726912 728830
728830 726912
728832 730558
730558 728832
730560 732250
732250 730560
732252 736392
736392 732252
736394 736446
736446 736394
736448 737955
737955 736448
737959 737960
737960 737959
737962 747290
747290 737962
747292 748030
748030 747292
748032 748200
748200 748032
748202 750830
750830 748202
750832 753661
753661 750832
753664 755624
755624 753664
755626 756085
756085 755626
756088 757697
757697 756088
757700 763674
763674 757700
763676 765339
765339 763676
765343 769640
769640 765343
769642 774621
774621 769642
774624 775336
775336 774624
775338 775786
775786 775338
775788 777434
777434 775788
777436 777437
777437 777436
777440 780390
780390 777440
780392 780734
780734 780392
780736 781950
781950 780736
781952 782334
782334 781952
782336 785917
785917 782336
785920 786430
786430 785920
786432 787738
787738 786432
787740 788582
788582 787740
788584 796774
796774 788584
796776 803870
803870 796776
803872 806275
806275 803872
806279 806282
806282 806279
806284 807406
807406 806284
807408 809128
809128 807408
809130 810813
810813 809130
810816 814438
814438 810816
814440 815870
815870 814440
815872 816059
816059 815872
816063 816814
816814 816063
816816 817288
817288 816816
817290 817774
817774 817290
817776 822138
822138 817776
822140 823782
823782 822140
823784 824186
824186 823784
824188 827390
827390 824188
827392 827960
827960 827392
827962 828442
828442 827962
828444 829086
829086 828444
829088 830203
830203 829088
830208 833774
833774 830208
833776 837798
837798 833776
837800 839677
839677 837800
839680 840701
840701 839680
840704 841725
841725 840704
841728 844646
844646 841728
844648 847870
847870 844648
847872 849408
849408 847872
849410 850078
850078 849410
850080 850595
850595 850080
850599 851226
851226 850599
851228 852411
852411 851228
852415 854190
854190 852415
854192 856730
856730 854192
856732 859134
859134 856732
859136 859718
859718 859136
859720 861008
861008 859720
861012 861520
861520 861012
861524 863797
863797 861524
863800 865845
865845 863800
865848 868990
868990 865848
868992 870170
870170 868992
870172 871450
871450 870172
871452 872253
872253 871452
872256 872760
872760 872256
872762 872824
872824 872762
872826 874613
874613 872826
874616 874618
874618 874616
874620 882814
882814 874620
882816 884158
884158 882816
884160 886206
886206 884160
886208 886554
886554 886208
886556 886952
886952 886556
886954 889832
889832 886954
889834 901118
901118 889834
901120 906174
906174 901120
906176 907063
907063 906176
907065 907065
907065 907065
907067 907067
907067 907067
907072 907610
907610 907072
907612 910270
910270 907612
910272 912166
912166 910272
912168 917160
917160 912168
917162 918069
918069 917162
918072 919450
919450 918072
919452 919517
919517 919452
919520 920558
920558 919520
920560 924906
924906 920560
924908 927002
927002 924908
927004 927210
927210 927004
927212 930042
930042 927212
930044 931456
931456 930044
931458 931998
931998 931458
932000 932064
932064 932000
932066 933981
933981 932066
933984 934942
934942 933984
934944 937598
937598 934944
937600 939496
939496 937600
939498 940478
940478 939498
940480 944638
944638 940480
944640 945434
945434 944640
945436 945790
945790 945436
945792 946942
946942 945792
946944 951432
951432 946944
951434 955584
955584 951434
955588 955590
955590 955588
955592 956923
956923 955592
956927 957210
957210 956927
957212 957630
957630 957212
957632 958965
958965 957632
958968 960961
960961 958968
960964 963822
963822 960964
963824 967181
967181 963824
967184 968635
968635 967184
968640 969211
969211 968640
969215 971773
971773 969215
971776 974077
974077 971776
974080 975014
975014 974080
975016 976333
976333 975016
976336 978942
978942 976336
978944 980382
980382 978944
980384 981286
981286 980384
981288 981856
981856 981288
981858 981928
981928 981858
981930 983038
983038 981930
983040 983939
983939 983040
983943 983946
983946 983943
983948 984622
984622 983948
984624 991934
991934 984624
991936 997022
997022 991936
997024 997373
997373 997024
997376 997600
997600 997376
997602 997822
997822 997602
997824 999166
999166 997824
999168 999999
999999 999168
