1 10
10 1
100 200
200 100
201 210
210 201
900 1000
1000 900
113383 113383
1 1
1 113382
113382 1
113384 134378
134378 113384
134380 138366
138366 134380
138368 151176
151176 138368
151178 159486
159486 151178
159488 161438
161438 159488
161440 161534
161534 161440
161536 170074
170074 161536
170076 184488
184488 170076
184490 191334
191334 184490
191336 201568
201568 191336
201570 204014
204014 201570
204016 207550
207550 204016
207552 212648
212648 207552
212650 213102
213102 212650
213104 226765
226765 213104
226767 226766
226766 226767
226768 239230
239230 226768
239232 242158
242158 239232
242160 242302
242302 242160
242304 245984
245984 242304
245986 255112
255112 245986
255114 258206
258206 255114
258208 268757
268757 258208
268759 268758
268758 268759
268760 270270
270270 268760
270272 276733
276733 270272
276735 276734
276734 276735
276736 280574
280574 276736
280576 284136
284136 280576
284138 287002
287002 284138
287004 288614
288614 287004
288616 290750
290750 288616
290752 302353
302353 290752
302355 302354
302354 302355
302356 306022
306022 302356
306024 311326
311326 306024
311328 318973
318973 311328
318975 318974
318974 318975
318976 319654
319654 318976
319656 322877
322877 319656
322879 322878
322878 322879
322880 323069
323069 322880
323071 323070
323070 323071
323072 340149
340149 323072
340151 340150
340150 340151
340152 358344
358344 340152
358346 358846
358846 358346
358848 360360
360360 358848
360362 363238
363238 360362
363240 363454
363454 363240
363456 368977
368977 363456
368979 368978
368978 368979
368980 376830
376830 368980
376832 378042
378042 376832
378044 378848
378848 378044
378850 382669
382669 378850
382671 382670
382670 382671
382672 387310
387310 382672
387312 388718
388718 387312
388720 392958
392958 388720
392960 403137
403137 392960
403139 403138
403138 403139
403140 405406
405406 403140
405408 408029
408029 405408
408031 408030
408030 408031
408032 415101
415101 408032
415103 415102
415102 415103
415104 419838
419838 415104
419840 420350
420350 419840
420352 420862
420862 420352
420864 425297
425297 420864
425299 425298
425298 425299
425300 426205
426205 425300
426207 426206
426206 426207
426208 430504
430504 426208
430506 430760
430760 430506
430762 431898
431898 430762
431900 432922
432922 431900
432924 436126
436126 432924
436128 437306
437306 436128
437308 453531
453531 437308
453533 453532
453532 453533
453534 453533
453533 453534
453535 453534
453534 453535
453536 459034
459034 453536
459036 459758
459758 459036
459760 466990
466990 459760
466992 477792
477792 466992
477794 478461
478461 477794
478463 478462
478462 478463
478464 479482
479482 478464
479484 480480
480480 479484
480482 483590
483590 480482
483592 484317
484317 483592
484319 484318
484318 484319
484320 484605
484605 484320
484607 484606
484606 484607
484608 485886
485886 484608
485888 487038
487038 485888
487040 488166
488166 487040
488168 491969
491969 488168
491971 491970
491970 491971
491972 498686
498686 491972
498688 502440
502440 498688
502442 504056
504056 502442
504058 510225
510225 504058
510227 510226
510226 510227
510228 516413
516413 510228
516415 516414
516414 516415
516416 516890
516890 516416
516892 517190
517190 516892
517192 523944
523944 517192
523946 524286
524286 523946
524288 525158
525158 524288
525160 531182
531182 525160
531184 537515
537515 531184
537517 537516
537516 537517
537518 537517
537517 537518
537519 538270
538270 537519
538272 539418
539418 538272
539420 540541
540541 539420
540543 540542
540542 540543
540544 542958
542958 540544
542960 544040
544040 542960
544042 544542
544542 544042
544544 544858
544858 544544
544860 545182
545182 544860
545184 552294
552294 545184
552296 553467
553467 552296
553469 553468
553468 553469
553470 553469
553469 553470
553471 553470
553470 553471
553472 559784
559784 553472
559786 561149
561149 559786
561151 561150
561150 561151
561152 565246
565246 561152
565248 566718
566718 565248
566720 567064
567064 566720
567066 568273
568273 567066
568275 568274
568274 568275
568276 574005
574005 568276
574007 574006
574006 574007
574008 574346
574346 574008
574348 575864
575864 574348
575866 577229
577229 575866
577231 577230
577230 577231
577232 579326
579326 577232
579328 580966
580966 579328
580968 581501
581501 580968
581503 581502
581502 581503
581504 581882
581882 581504
581884 583078
583078 581884
583080 588542
588542 583080
588544 589438
589438 588544
589440 604707
604707 589440
604709 604708
604708 604709
604710 604709
604709 604710
604711 604712
604712 604711
604714 606846
606846 604714
606848 608110
608110 606848
608112 612045
612045 608112
612047 612046
612046 612047
612048 612966
612966 612048
612968 620970
620970 612968
620972 622653
622653 620972
622655 622654
622654 622655
622656 623294
623294 622656
623296 626330
626330 623296
626332 629758
629758 626332
629760 630526
630526 629760
630528 631294
631294 630528
631296 637056
637056 631296
637058 637947
637947 637058
637949 637948
637948 637949
637950 637949
637949 637950
637951 639309
639309 637951
639311 639310
639310 639311
639312 640640
640640 639312
640642 645755
645755 640642
645757 645756
645756 645757
645758 645757
645757 645758
645759 645758
645758 645759
645760 646139
646139 645760
646141 646140
646140 646141
646142 646141
646141 646142
646143 647848
647848 646143
647850 649384
649384 647850
649386 650888
650888 649386
650890 654190
654190 650890
654192 654570
654570 654192
654572 654618
654618 654572
654620 655358
655358 654620
655360 655960
655960 655360
655962 656414
656414 655962
656416 665066
665066 656416
665068 665214
665214 665068
665216 666110
666110 665216
666112 667374
667374 666112
667376 669920
669920 667376
669922 680299
680299 669922
680301 680300
680300 680301
680302 680301
680301 680302
680303 680302
680302 680303
680304 687870
687870 680304
687872 688552
688552 687872
688554 689638
689638 688554
689640 695066
695066 689640
695068 698592
698592 695068
698594 699048
699048 698594
699050 700486
700486 699050
700488 704510
704510 700488
704512 704622
704622 704512
704624 713574
713574 704624
713576 716688
716688 713576
716690 716689
716689 716690
716691 716690
716690 716691
716692 717693
717693 716692
717695 717694
717694 717695
717696 719224
719224 717696
719226 720721
720721 719226
720723 720722
720722 720723
720724 723944
723944 720724
723946 725386
725386 723946
725388 726056
726056 725388
726058 726477
726477 726058
726479 726478
726478 726479
726480 726909
726909 726480
726911 726910
726910 726911
726912 728830
728830 726912
728832 730558
730558 728832
730560 732250
732250 730560
732252 736392
736392 732252
736394 736446
736446 736394
736448 737955
737955 736448
737957 737956
737956 737957
737958 737957
737957 737958
737959 737960
737960 737959
737962 747290
747290 737962
747292 748030
748030 747292
748032 748200
748200 748032
748202 750830
750830 748202
750832 753661
753661 750832
753663 753662
753662 753663
753664 755624
755624 753664
755626 756085
756085 755626
756087 756086
756086 756087
756088 757697
757697 756088
757699 757698
757698 757699
757700 763674
763674 757700
763676 765339
765339 763676
765341 765340
765340 765341
765342 765341
765341 765342
765343 769640
769640 765343
769642 774621
774621 769642
774623 774622
774622 774623
774624 775336
775336 774624
775338 775786
775786 775338
775788 777434
777434 775788
777436 777437
777437 777436
777439 777438
777438 777439
777440 780390
780390 777440
780392 780734
780734 780392
780736 781950
781950 780736
781952 782334
782334 781952
782336 785917
785917 782336
785919 785918
785918 785919
785920 786430
786430 785920
786432 787738
787738 786432
787740 788582
788582 787740
788584 796774
796774 788584
796776 803870
803870 796776
803872 806275
806275 803872
806277 806276
806276 806277
806278 806277
806277 806278
806279 806282
806282 806279
806284 807406
807406 806284
807408 809128
809128 807408
809130 810813
810813 809130
810815 810814
810814 810815
810816 814438
814438 810816
814440 815870
815870 814440
815872 816059
816059 815872
816061 816060
816060 816061
816062 816061
816061 816062
816063 816814
816814 816063
816816 817288
817288 816816
817290 817774
817774 817290
817776 822138
822138 817776
822140 823782
823782 822140
823784 824186
824186 823784
824188 827390
827390 824188
827392 827960
827960 827392
827962 828442
828442 827962
828444 829086
829086 828444
829088 830203
830203 829088
830205 830204
830204 830205
830206 830205
830205 830206
830207 830206
830206 830207
830208 833774
833774 830208
833776 837798
837798 833776
837800 839677
839677 837800
839679 839678
839678 839679
839680 840701
840701 839680
840703 840702
840702 840703
840704 841725
841725 840704
841727 841726
841726 841727
841728 844646
844646 841728
844648 847870
847870 844648
847872 849408
849408 847872
849410 850078
850078 849410
850080 850595
850595 850080
850597 850596
850596 850597
850598 850597
850597 850598
850599 851226
851226 850599
851228 852411
852411 851228
852413 852412
852412 852413
852414 852413
852413 852414
852415 854190
854190 852415
854192 856730
856730 854192
856732 859134
859134 856732
859136 859718
859718 859136
859720 861008
861008 859720
861010 861009
861009 861010
861011 861010
861010 861011
861012 861520
861520 861012
861522 861521
861521 861522
861523 861522
861522 861523
861524 863797
863797 861524
863799 863798
863798 863799
863800 865845
865845 863800
865847 865846
865846 865847
865848 868990
868990 865848
868992 870170
870170 868992
870172 871450
871450 870172
871452 872253
872253 871452
872255 872254
872254 872255
872256 872760
872760 872256
872762 872824
872824 872762
872826 874613
874613 872826
874615 874614
874614 874615
874616 874618
874618 874616
874620 882814
882814 874620
882816 884158
884158 882816
884160 886206
886206 884160
886208 886554
886554 886208
886556 886952
886952 886556
886954 889832
889832 886954
889834 901118
901118 889834
901120 906174
906174 901120
906176 907063
907063 906176
907065 907065
907065 907065
907067 907067
907067 907067
907069 907068
907068 907069
907070 907069
907069 907070
907071 907070
907070 907071
907072 907610
907610 907072
907612 910270
910270 907612
910272 912166
912166 910272
912168 917160
917160 912168
917162 918069
918069 917162
918071 918070
918070 918071
918072 919450
919450 918072
919452 919517
919517 919452
919519 919518
919518 919519
919520 920558
920558 919520
920560 924906
924906 920560
924908 927002
927002 924908
927004 927210
927210 927004
927212 930042
930042 927212
930044 931456
931456 930044
931458 931998
931998 931458
932000 932064
932064 932000
932066 933981
933981 932066
933983 933982
933982 933983
933984 934942
934942 933984
934944 937598
937598 934944
937600 939496
939496 937600
939498 940478
940478 939498
940480 944638
944638 940480
944640 945434
945434 944640
945436 945790
945790 945436
945792 946942
946942 945792
946944 951432
951432 946944
951434 955584
955584 951434
955586 955585
955585 955586
955587 955586
955586 955587
955588 955590
955590 955588
955592 956923
956923 955592
956925 956924
956924 956925
956926 956925
956925 956926
956927 957210
957210 956927
957212 957630
957630 957212
957632 958965
958965 957632
958967 958966
958966 958967
958968 960961
960961 958968
960963 960962
960962 960963
960964 963822
963822 960964
963824 967181
967181 963824
967183 967182
967182 967183
967184 968635
968635 967184
968637 968636
968636 968637
968638 968637
968637 968638
968639 968638
968638 968639
968640 969211
969211 968640
969213 969212
969212 969213
969214 969213
969213 969214
969215 971773
971773 969215
971775 971774
971774 971775
971776 974077
974077 971776
974079 974078
974078 974079
974080 975014
975014 974080
975016 976333
976333 975016
976335 976334
976334 976335
976336 978942
978942 976336
978944 980382
980382 978944
980384 981286
981286 980384
981288 981856
981856 981288
981858 981928
981928 981858
981930 983038
983038 981930
983040 983939
983939 983040
983941 983940
983940 983941
983942 983941
983941 983942
983943 983946
983946 983943
983948 984622
984622 983948
984624 991934
991934 984624
991936 997022
997022 991936
997024 997373
997373 997024
997375 997374
997374 997375
997376 997600
997600 997376
997602 997822
997822 997602
997824 999166
999166 997824
999168 999999
999999 999168
