69303 110556
288 16258
120432 130105
18938 83265
89724 60497
30182 60956
61495 89296
99608 23854
53391 8570
24037 40131
4605 32951
134325 127076
29523 95098
22139 57003
7409 96572
440281 441447
29411 86013
85475 91245
248650 250714
234149 229007
70462 16592
312233 316198
99910 72834
37772 7514
53659 51276
13029 100916
32148 29652
61638 8572
110301 10571
197527 199209
104430 7848
43297 13093
231235 233412
595166 594083
683611 685528
22925 17429
467664 473285
91785 15851
18303 58434
3763 18341
66861 74343
366192 363917
9771 34014
82268 36760
60662 71050
61200 19433
107966 47175
100138 100129
96815 80357
80766 83328
44400 68523
600686 601191
88518 40261
112036 107780
99545 85671
347189 348907
40855 75880
30122 58507
564999 562088
49811 89861
31964 36608
40243 9758
32021 25213
101816 29127
810915 812112
71268 73685
263684 268475
77655 112785
20501 84055
77048 82744
344288 349255
64747 112837
32703 70635
43739 7760
59308 20044
3124 22552
9122 65019
106060 91090
602987 595152
448234 451078
1546 88975
78013 46932
934530 934462
963434 963498
51879 90429
49321 33800
74948 106963
96179 8095
868840 866623
50515 88387
99571 101182
160986 159872
133644 128925
109435 26530
111395 49258
73695 17282
595492 592378
37981 21296
25217 18937
43323 81531
213649 219306
796835 801973
59227 84018
449535 448507
217209 223961
163765 167204
60003 33128
54359 59027
99782 41011
844751 847524
30675 6003
94592 98506
770130 770327
61904 108005
70593 88823
68924 82107
76600 51706
53058 103945
89435 51756
460930 460267
270631 273660
221883 218587
3211 97951
72216 96971
14966 98402
706384 712305
234617 231910
81190 95428
572724 572291
262079 260845
530428 530631
43931 106426
85320 24837
5775 7157
414592 413325
36642 46080
559183 553554
98770 111044
19900 106638
111725 5151
16505 17371
78958 91440
12995 18936
59246 85917
343226 356863
64472 21990
75496 52697
48160 111936
709521 705135
34234 29014
105414 112449
238478 229973
32741 43706
63139 85779
73336 34760
102172 57552
701482 704421
375444 371425
117012 131469
372484 373464
64742 79478
216738 219614
81613 43115
439915 450180
47104 42021
93631 87639
41924 46514
4766 36141
216876 226466
70225 1804
109661 107467
146512 146032
128097 125666
108655 56978
610313 610466
709006 706050
26729 63555
106888 60711
5982 35248
23662 74857
332547 336820
342673 347676
77371 23043
125730 117798
49200 21783
772551 773954
541800 541261
39810 23266
233743 235805
57479 76341
25529 7331
332816 338328
69315 79394
86695 72400
30853 35948
35797 22059
507003 508042
3960 1750
59013 34123
58376 51276
