1 10
100 200
201 210
900 1000
10 1
200 100
210 201
1000 900
1 1
999 999
999 998
1 100000
313 524
462 204
449 598
88 154
669 330
960 329
336 715
59 257
403 800
16 417
353 325
534 46
910 926
877 622
748 326
838 196
471 386
536 218
950 937
228 689
743 722
374 447
605 501
113 474
938 835
976 156
559 410
291 604
280 844
967 270
614 560
271 582
430 834
274 886
268 542
359 435
772 694
388 794
277 65
31 147
373 555
698 173
927 58
188 963
315 253
15 488
622 635
347 247
729 607
653 365
111 864
275 763
380 811
69 456
881 930
580 237
539 493
95 452
105 290
167 376
658 451
370 787
296 738
892 299
634 165
742 375
644 386
239 85
247 844
242 418
247 161
956 440
780 990
277 304
166 706
165 752
322 275
804 888
754 908
127 227
743 383
996 505
649 850
81 384
236 222
981 334
668 123
710 215
256 210
899 897
683 220
589 779
575 818
150 612
9 175
444 62
651 92
385 212
17 140
631 264
686 658
620 618
799 872
916 667
617 113
636 483
347 298
925 783
824 4
561 399
315 835
574 315
463 114
297 770
775 492
967 627
574 387
443 95
846 592
879 784
863 535
804 241
973 131
767 944
872 338
714 812
616 877
973 662
276 819
539 571
764 133
158 338
472 356
169 502
858 409
5 67
818 933
481 903
307 538
456 732
370 972
172 599
612 110
603 28
309 329
539 661
227 926
799 367
561 238
239 701
