314463 315745
48402 21004
105518 93898
64747 19056
145377 142243
895184 900375
42701 97438
15606 41237
19106 104711
59717 57881
91660 48308
106680 16767
78128 65919
100434 47040
131071 116555
9884 49097
85065 9685
105451 68235
11454 113321
29840 54163
675417 671722
96301 95432
23119 70423
40201 20957
295875 301240
333594 331905
879356 882781
49103 17205
178592 173246
196270 195478
52871 18407
21093 59559
798652 800723
743077 742673
595236 594574
175997 175909
925855 926806
42509 103920
326216 333532
704957 712366
121075 114904
814165 812697
15114 31315
64822 50280
60838 28552
4134 54250
83059 60687
83771 89544
73466 20472
11795 1641
106769 24987
68117 65291
338557 334307
31241 39039
48064 41808
91135 51328
2001 17031
105583 81695
92303 38691
3246 65414
47131 16159
75417 55258
52528 87846
55223 72166
308714 306678
24251 66501
15501 82690
49147 7316
48099 53209
14161 66041
952991 953374
229012 232474
19850 824
83481 75658
64322 44636
47228 57265
87029 80789
915279 913023
42385 102339
295251 300487
41886 46639
97817 90233
218373 221909
74770 109626
685946 681110
251495 248765
37896 53844
17242 4359
73228 32464
1410 10326
369857 374434
593585 593868
29998 44142
112986 79827
88416 24657
83873 91752
13019 34016
797385 801191
65105 10473
11396 92995
51363 34153
65251 65585
116368 119574
657822 657723
61009 14158
103971 102626
6527 105627
450401 450999
59906 25599
74562 111346
314180 317146
61410 20764
31328 71378
9751 91042
57144 7183
75417 11601
5356 89085
2542 107156
542472 542206
102637 18830
60086 66060
94522 33457
25257 105760
26548 63514
550045 551043
19049 67710
103416 48726
50867 60118
63788 97306
611995 610394
996993 994698
80577 23254
8340 37296
784127 783641
46408 106028
93558 27409
102762 6456
7348 38301
43320 90663
94883 94087
4012 32963
92327 104164
643048 643576
635180 635214
60082 87647
353281 346562
87132 46371
109316 82825
264403 267643
112734 34708
108882 74297
60199 82612
245232 245066
590713 597834
70442 99627
61754 26232
19519 54525
399664 394818
184910 188003
64274 12999
37719 41583
486926 486724
18681 19536
103357 3753
58518 49143
874275 874128
98010 12444
71371 14144
422364 422527
86254 14453
325832 335464
110240 8838
699774 699469
15862 32258
12919 46126
20568 21935
83174 78290
190597 186952
81453 35662
356292 344369
46044 73809
25614 98036
107040 55719
23102 70176
33206 11843
348242 351302
55873 85762
22938 24846
22250 47658
475000 473735
70818 68849
7659 107438
113116 39234
599357 600599
477048 468007
39184 81158
820223 819569
76274 50293
570492 571471
59283 62466
