886598 886924
262478 260791
839865 840449
114441 132645
804687 804378
94224 57202
925281 926197
426374 429438
322581 319658
843849 841839
829 41251
200845 191861
257118 255331
902167 903471
615282 614269
715962 716360
228481 231452
189609 187550
55538 86931
304167 302805
71302 66852
288724 288857
493804 497196
571233 572101
391620 390356
598241 590673
967062 966403
650093 650767
338748 336730
790010 791195
975548 976065
22830 3613
814904 814606
646576 646882
337201 327665
936000 936935
181576 183356
172325 184235
178413 179177
503433 502633
854971 855935
932719 933751
799529 798426
877102 878133
579974 579768
255863 256469
615542 619485
765263 763901
187335 189481
732003 731153
720808 722444
934764 934615
890434 895378
561192 564230
138693 148654
924071 922955
867937 868122
610964 611991
490388 489349
982922 982506
766883 767208
11962 87717
950239 948704
337866 323391
933398 933972
987289 991530
140144 150052
988497 986143
350 11999
595217 599800
385956 383163
515206 514690
530237 526759
988515 985392
325174 327057
883587 883058
551405 552053
197453 191457
260298 259170
412938 412571
149622 150372
716767 717452
951852 953991
706466 711778
507415 506032
682692 681122
416634 415656
165973 169324
353800 354926
354220 345279
59268 96174
848395 848614
915771 915530
499255 499045
612257 612472
853271 853888
610773 609742
744182 744366
392170 392232
770577 773480
440975 444122
719108 717864
651868 653129
953234 953838
468291 475232
728074 728581
305568 302366
210683 207971
622973 623110
182656 170888
492065 498112
823330 822168
645106 641929
674672 670056
17228 21183
358088 344321
403679 403886
357184 343869
436576 436847
367688 363984
850972 850846
260775 266021
219167 220190
167549 162415
836093 834954
755108 754629
20156 98096
678313 675090
954329 952498
93771 78798
709270 708376
664609 664142
697835 696490
110762 83866
843357 842018
969598 970848
192931 201131
260485 259728
947224 948834
368707 363629
913759 915791
685264 685601
131561 121828
485823 485672
956708 956826
866468 868755
303901 303002
214109 219257
385728 383380
523122 517912
659443 659152
877693 876470
157752 154787
416536 419644
670923 678629
100387 99538
964542 965449
865286 865072
526002 529285
780543 780726
841805 843100
226147 221560
289071 290562
656249 656338
359592 358972
675662 679658
704597 704590
722813 722044
503781 502535
403792 403142
420585 420481
15711 107394
215601 225310
543801 543999
156396 156613
288065 287750
915165 912174
117164 115060
759483 759435
329079 328456
270183 269164
997908 998179
751859 751813
885137 885793
883105 884121
350670 357744
176722 180366
763704 764654
882767 880764
832794 830861
902213 903008
592384 597246
283127 283891
713257 707856
645284 644467
624841 625043
96366 85081
203448 201796
844235 843600
805279 804212
