1 10
100 200
201 210
900 1000
1 10000
1 5
10000 30000
200 892
1 1000
1 100000
109660 113382
173778 184488
353576 358344
231369 239230
399278 403137
443630 453531
362523 363238
38678 113382
282353 284136
292012 302353
397776 403137
200902 201568
395639 403137
348947 358344
268483 268757
172112 184488
114070 134378
86554 113382
86259 113382
55453 113382
104678 113382
314539 318973
278945 280574
443145 453531
280096 280574
469187 477792
273006 276733
308256 311326
420161 420350
131408 134378
2944 113382
258881 268757
422148 425297
427793 430504
358204 358344
219230 226765
181195 184488
292442 302353
5901 113382
170554 184488
384823 387310
110989 113382
406619 408029
448905 453531
22410 113382
375232 376830
382677 387310
88530 113382
217804 226765
65181 113382
680 10418
3973 35177
4061 17523
88 45586
3199 13992
1624 49548
255 4638
4824 26567
436 25217
2298 13252
2028 38926
3491 4073
3280 26712
3704 51570
1653 50764
4446 50910
143 30822
4734 18095
4267 6293
3801 9364
798 19979
3591 51082
4872 50221
2753 42624
4858 15804
536 28962
1188 22592
2445 15786
2265 40354
580 2957
25 12338
338 10165
1960 3638
3883 34199
1734 49598
59 32871
800 7256
3985 23937
4522 27890
3723 35942
132748 134378
303718 306022
518633 523944
708268 713574
412111 414539
264667 268757
18810 34663
647240 647848
355950 358344
581419 581501
570836 574005
602615 604707
493440 498686
301219 302353
279288 280574
838316 839677
596915 604707
810626 810813
28262 68622
313527 318973
893865 901118
426241 430504
745740 747290
562656 563262
588499 588542
157522 159486
855996 856730
769283 769640
609043 612045
718390 719224
530851 531182
47090 48020
34154 78557
53737 88706
747108 747290
461332 466990
114872 129134
252598 255112
399799 403137
209122 212648
641045 645755
387719 388718
668915 669920
67066 71948
536440 537515
695802 698592
692761 695066
175384 184488
729802 730558
471501 477792
226765 216136
340149 339984
19764 12456
882814 878838
406991 406049
785917 782908
669920 669285
133903 128258
854190 853898
408029 407547
170074 166594
340149 337940
865845 865772
280574 278400
822138 821280
59373 20470
311326 306914
403137 401481
363454 363334
73512 54633
420862 420359
807406 807146
340149 335342
111776 69361
574005 573601
571329 568603
302353 298709
665066 658327
134378 119101
473853 472682
488166 487843
604707 597166
151176 148691
113382 91275
574005 569674
71155 34261
803870 798494
340149 333088
559784 556249
103903 77952
726056 725498
704510 704181
531182 526508
620970 617203
566718 566412
430504 427686
803870 797082
276733 273298
311326 309168
49131 11000