1 10
1 100
2 15
6 19
89 98
2 8
5 6
8 90
17 56
76 88
23 52
12 18
34 67
55 78
11 12
1 1
9 90
1 79
6 69
5 55
1 10
100 200
201 210
900 1000
1 3
24 500
43 558
600 2000
780 952
19 212
500 502
4502 4923
5634 7567
779 994
210 589
970 999
7153 8475
961 987
1 1
9 10
2 3
1 600
15 16
800 999
1534 4444
3333 3334
808 898
452 456
567 674
888 900
11687 21179
46256 59051
11245 25644
52739 1318
69110 48393
46464 20372
10843 44885
54782 11580
48862 1175
1425 57866
19462 48467
64669 39219
34923 51394
53870 67801
10795 26515
4145 38513
8303 23713
63156 40549
35009 36720
50245 68916
10171 44066
58351 15009
39533 34216
60375 44704
66933 10874
11275 33106
49797 41744
17562 55356
68236 16419
42973 27989
65285 64776
26236 10338
59307 36794
65352 41839
64785 14075
19747 23525
4754 25055
42428 10624
36543 8226
16844 54349
41415 65132
57661 10434
10359 35346
13357 52504
16781 6626
19014 52548
33204 1703
60862 32959
49205 36390
54024 14905
48551 2688
15860 51862
66029 48888
37109 1849
9928 39008
3264 10067
69337 17516
28017 59356
45114 11815
64289 45832
25810 31267
5869 3740
46223 5118
52837 8396
2578 57049
35355 42472
6473 33167
29977 3153
49338 20720
3867 42691
35802 6245
39808 57922
56005 19429
12774 55692
943 19932
53896 31195
19448 12126
53333 57672
49045 63684
33365 8593
46721 46126
42175 28638
21060 6145
669 26286
44665 26608
58647 24527
47694 6222
919 51821
46829 37577
66654 27490
57766 15764
13755 16287
62772 8388
46102 65928
64187 53888
22395 7926
66938 51179
63416 47790
38185 60923
27242 41759

