68699 784077
496918 805913
164810 944953
163020 869750
647310 782113
717671 48019
218908 802162
579843 708910
706579 386041
32799 768939
913209 435160
418685 132729
912208 67954
829225 273569
330400 710267
383865 131039
572273 520805
102899 347315
822321 290600
509463 918128
983751 579784
642295 19004
368110 602276
417569 940214
792617 221786
348735 814874
964122 146959
925923 397440
938361 699612
210569 544017
346728 829291
309105 2847
981822 409966
109819 218877
571307 792343
417359 660647
993377 120770
335485 340411
598905 39382
273201 246227
983041 292360
174886 329560
175690 710922
164600 247805
532099 227476
954483 55007
902814 282039
616707 412168
655182 223067
306403 795507
416121 727283
63601 800761
591816 73557
344881 593426
251275 394777
877970 780575
190229 571551
166777 864829
746792 782353
329036 839750
402126 192633
634839 530162
492787 381845
736178 475391
434257 306570
183735 143516
777765 167646
529705 770240
905625 353185
890656 359918
575409 425440
484660 425251
352746 599827
885608 409738
221331 994796
317579 771837
490780 548903
362151 53618
511008 838600
578137 992082
456867 372105
538784 613695
607321 504218
187944 121433
774258 243900
584362 358056
644352 227332
12217 167064
826080 841813
93846 997217
121946 369470
134955 474791
706580 687579
303426 24834
678189 247649
332434 750261
921613 468930
742537 595315
62074 984706
228045 342264
255185 825177
283036 319443
707653 713983
184641 453310
91192 792876
519541 959968
459200 699872
733504 136656
315962 393554
378870 430635
729662 210916
377521 776132
124285 90434
233147 939476
763126 818831
428036 476171
630890 481524
93563 776169
372948 492329
558466 182016
256381 313346
764017 760753
582703 571691
332302 596580
332292 567594
356459 640629
589153 978882
917486 927746
711808 112774
239976 284003
316301 954438
814374 695293
14063 693611
515507 646331
701205 980313
599032 38387
382362 625261
242363 588938
987271 410270
905957 810518
219146 326029
999996 712533
975896 113175
873671 861259
56309 860407
938586 143905
806010 614128
716756 411695
462131 244327
907726 434323
952873 456959
927753 711613
214509 667878
343236 894538
973891 46150
351733 342586
615798 660208
221466 248517
562418 51009
101830 621153
257593 611548
989432 747687
257766 489288
417422 30925
857219 504883
259763 100893
857647 907579
267051 515590
957794 613375
13118 688742
735837 870828
886014 750221
114778 202012
600630 534388
198070 199513
645095 756112
485649 230663
989578 411545
511371 378620
968347 674804
351031 719259
221026 324253
165266 969193
604088 239667
440006 233859
420562 962880
178624 931755
272651 607039
792011 442420
295147 407729
900396 35732
749040 576820
327399 432186
188118 389944
254672 53370
998003 93419
253684 596544
371859 925996
912602 98511
802695 398109
359726 757523
751045 659360
802377 371369
212781 570209
339008 879332
147957 934299
894319 123058
490365 189118
607426 908564
913127 330334
413726 153664
263880 764185
332866 254000
647426 368086
861744 18716
934904 203201
854062 901520
790703 202093
739310 162057
670554 993593
196442 990578
976972 430089
943341 790629
396140 105193
598185 611839
536440 294007
879811 642325
186174 204615
127043 990296
564965 82365
864702 894284
104126 703518
534644 10871
94308 35298
711381 214762
35668 627340
644324 49297
111732 577656
188500 265829
616934 782843
339927 268945
468474 944892
619635 107312
699232 441920
398346 544097
793349 795511
916266 928954
53631 934350
771094 526412
333993 936154
84223 10793
17638 960702
611974 727239
996063 129733
309220 64998
307927 498055
68745 341057
686634 812090
543828 321953
238216 668605
374303 306608
214859 497949
262323 671680
618028 165141
100955 214615
95629 883109
243270 647907
951501 269861
962393 75729
323433 300516
744620 441613
270025 798912
495511 15695
791734 422894
626540 78661
636883 410930
727277 538639
166762 265184
98644 879906
500641 874950
9823 46071
65734 637659
32420 232048
184239 424331
984262 967753
418666 963969
336090 622749
885432 999291
695535 525150
262584 345009
67391 865883
11965 249380
90049 615532
459390 347213
655815 100113
969994 870324
472176 606065
865919 140065
835153 245825
537608 74663
585564 79842
438193 905127
227591 302794
646353 281417
194710 127128
184847 189890
105859 479222
932515 498397
360339 287567
886924 265199
204082 823444
512660 674280
33792 931324
818847 587238
100282 114870
658193 210980
351736 913025
229624 927435
230549 826629
325845 128016
37520 126904
269198 526216
372417 311295
599535 196202
82326 759633
469926 895227
727911 649602
790714 178624
785249 353690
662456 55299
792750 37665
457556 548774
723366 320270
285396 358029
447604 599965
520335 237912
657425 303203
318056 216752
690603 557577
722463 946924
914147 622458
605400 426074
976259 798237
639454 930469
10772 230139
809999 690952
856865 331782
40651 714432
33402 362233
454416 56793
825627 810489
132328 272843
445388 317684
660347 382615
442319 735259
569 512895
455603 885579
118004 897581
922932 263431
914635 860493
559381 879206
421600 521634
767371 97809
997027 49070
743730 365927
275964 718616
163569 107127
632778 323350
776619 287123
725347 336539
764258 661403
276294 145611
961982 744697
126540 367409
105674 62635
648990 793772
899457 856473
434305 673226
853103 73504
20945 24127
634356 655536
315813 409239
513561 264243
25363 64489
785490 426362
439618 214116
62346 855536
137027 367702
93091 123459
924786 807856
486478 985522
797707 222451
354969 665621
609012 269596
311219 553112
132166 485175
34365 372858
935552 295639
855189 713700
320413 286328
875905 582144
950768 590477
535232 317853
550302 462465
77045 809088
816154 320921
938858 172087
255891 932896
903638 282035
335475 302382
777220 713844
825934 253741
4965 576263
103856 321324
381522 913932
804967 676797
927985 431402
272375 395827
923117 810965
4344 835134
325558 70820
609722 750499
599846 775759
311108 972262
6507 507547
713103 282017
956906 469580
929357 647924
875790 213082
538081 427255
989131 82379
284249 816265
596870 237401
406752 348045
462298 242052
765788 246909
223886 618714
376485 47112
453342 519102
421477 786746
136756 345706
366670 949681
621354 848765
800061 163388
603722 733779
96816 750319
565319 131886
846738 563007
870111 53740
110290 90013
98373 444341
148690 101600
216571 93962
748220 786825
478582 20450
617954 691850
728483 802429
439379 509868
85685 396972
496749 919998
12133 364042
639726 871250
833911 932881
508559 454538
122083 851777
467397 113326
529865 199728
13556 599240
128101 934500
929603 773427
812408 498808
198927 808313
67423 887562
912156 357476
817745 851700
731396 261465
736609 965101
756217 742050
11363 875972
572960 982436
178821 680998
870986 23658
21781 538687
37118 907003
853810 772216
763840 152923
286547 564142
980780 800353
991602 495456
846456 474040
941799 27025
905053 598045
990369 367325
736767 965546
837318 294647
380988 378395
636653 630248
319952 120824
989244 747196
699201 222847
917480 929549
439951 100109
617035 152091
677365 771031
224166 479911
77243 948824
78604 452967
596983 428015
924302 339712
921178 657685
18275 458572
524010 715714
129580 542725
607494 129802
394826 658112
116095 669590
151721 22768
21115 33229
716249 764821
371404 526686
511039 744294
216634 777158
265002 441869
980350 445860
441806 509778
729139 436838
307529 749422
817117 683711
22225 669099
664119 349106
622557 269046
996628 150885
623426 584904
509303 193239
319884 531647
303305 792069
404715 650488
798346 359078
542969 165702
791871 417828
224499 975291
371398 259375
824672 338946
316634 872752
4900 835428
510943 609476
719895 530157
206456 658801
191902 795268
604998 415974
295632 497075
320575 778385
620157 131635
334359 249585
738506 267309
343293 710551
803213 929472
591361 252304
319309 66044
252786 442154
732178 87549
720643 470813
639299 95238
344948 515373
839909 337395
382874 73892
162702 299330
635081 553778
131457 784285
247521 444311
521833 791479
97547 75207
445094 230532
571534 718555
547496 463382
502058 241793
595549 166597
178683 225745
261216 408373
837142 69153
943637 14406
500856 797187
23319 348944
348282 937570
869538 846178
563687 498676
132675 283337
454668 99434
490129 171877
322292 126757
100929 887438
619881 208402
881781 678842
235594 905288
198330 656545
307851 503851
417045 493737
440672 446184
629000 861923
645709 24838
793539 247947
297333 720767
382235 616445
780751 608818
415616 438998
21157 270668
258429 879429
908146 235967
280983 265597
444710 404157
993371 106331
432403 890897
8119 531072
135148 516598
991205 376993
971678 510980
640715 86514
646059 691163
810841 704687
992825 969281
6652 437037
631339 380631
708127 850595
732174 434146
407694 826864
56326 774798
208826 219896
366316 510083
892160 173310
679696 535638
173935 645449
822168 222531
197296 394299
817380 79454
663915 70427
485565 499794
546772 769843
665248 558235
969123 116019
888635 151948
268895 453997
150068 518170
694775 508623
498424 379930
548550 464561
914427 875408
950632 285961
198127 960986
65073 260308
10267 934790
891770 43433
762513 828943
399544 154517
623897 311269
454769 61480
591407 498171
890582 627427
153901 881672
821415 863811
249052 519768
944274 288996
672373 489779
236128 857831
827801 75127
856846 220614
345870 577859
256047 771810
202591 476313
163392 975484
752268 291916
359202 305236
968151 398680
264151 846625
554198 460105
657497 843010
240900 902976
410794 105751
766824 647018
187065 568945
754507 708803
379961 982850
292878 693990
711090 147116
256214 557763
852381 610580
403713 442628
448274 325423
831439 403026
512869 669339
194884 582724
962772 885611
65365 65853
375123 409056
713478 837855
325794 454224
196783 763937
979018 469167
636784 12994
994530 307547
351657 627600
867091 702045
149565 342879
658713 166444
6525 337384
967811 539699
366747 98315
661538 157923
160536 291813
301144 762071
606503 822232
204387 888385
545018 557798
881552 486836
469354 528218
232302 385696
762823 98535
138277 691323
477548 165735
991492 433704
764703 376465
711617 655210
593009 21480
608718 209881
545456 276486
652099 85473
957675 660083
502466 34422
879503 784539
998351 688709
859884 196189
615412 6215
986442 272697
219988 233635
234121 305041
925624 268761
474732 737354
323007 241850
283850 970087
977839 706912
688312 831159
921703 339050
874335 760990
144564 742427
603644 618665
624891 274399
543557 913501
314082 568564
467486 818903
608066 970257
304681 533896
777357 373912
520191 628898
763231 447721
23150 685220
848859 220287
484713 900341
455770 200928
175211 720209
486671 522420
454422 52439
619503 36021
588962 259894
56688 883842
441097 348386
491430 259483
404294 130729
190589 274212
823833 746335
270431 586574
335619 495996
145139 97339
804712 487982
654368 145212
10136 788030
350717 602986
294877 370656
310323 83941
228794 426280
21860 875287
309523 115096
234407 460010
352999 608284
968309 546448
222352 654302
693069 114635
150331 459347
333942 367929
256266 207193
594475 154980
111221 73544
150288 357985
942480 751024
414748 645633
293560 189219
281123 621255
539461 2411
7878 917319
976861 601605
819401 761155
14648 536194
189046 648534
639440 342895
843117 363854
150509 429079
944627 484679
592148 790661
111670 333767
816601 326232
650039 344327
368967 323718
557516 101360
930158 549063
637089 917284
959096 407562
449465 680751
696197 596097
430615 970624
359533 103311
100557 415166
487659 160239
576459 424031
463870 971208
259319 541301
549477 960338
512427 865072
979912 433677
748023 676198
713435 795196
646920 279264
981137 506647
933017 320874
79481 809510
632097 544800
414785 788380
400764 466012
141649 729881
287192 43897
443708 422060
663376 454457
396806 328718
282159 188013
316341 112013
645068 399634
320202 622637
149470 716231
874772 811132
566614 920696
655635 258470
406490 308984
227496 368176
85777 352695
85306 853913
611272 391818
125578 281956
984442 1213
98542 780321
154665 95526
836658 319920
560946 599696
437677 175281
942145 275738
663239 914285
709993 904456
19144 746926
242345 799883
690177 42057
593606 410650
227091 625073
422554 195527
848385 536465
271793 514933
861154 709677
962505 112285
392053 370133
492603 740623
790179 724083
246248 833281
105915 2534
790293 488385
165104 806225
349476 535133
121823 49015
130919 925910
583441 742019
175388 209796
116181 622163
315164 722297
820687 421835
257449 27331
243733 921244
687195 977339
787643 40031
992631 831012
923156 463468
320285 646601
209257 980815
938573 9318
520522 609254
869291 826033
921405 738911
715069 607284
845645 793327
405164 332247
822069 986910
646771 950067
406247 179392
254054 37164
648793 73886
759441 737287
549221 502254
302977 729853
987869 868023
992721 395384
136444 792675
410182 779809
639098 474036
601280 560218
149613 501444
699944 198329
896101 435593
548994 829464
921621 746824
381854 559540
18153 599124
779748 75495
205607 128884
829700 86699
708441 471402
298241 221870
790495 795745
232796 102188
197714 200815
784643 715306
981373 855133
498765 304702
946963 771032
442725 818444
350680 532833
697903 383788
610477 739824
147631 952575
538972 739195
475126 723787
377838 133043
665709 136132
380470 50030
288983 928139
513803 306773
591538 379953
570907 381122
416693 867447
270552 210791
581750 59332
20332 854593
966385 152934
892549 612140
178811 265043
486173 84307
840984 376748
524005 917234
338387 798482
999203 557491
837764 847279
204060 287002
417599 998065
846528 115734
308554 380786
231043 90093
849878 854671
196530 940979
132494 445044
890607 826540
642959 55139
143372 363882
118278 99678
703221 721492
669544 503752
866846 980845
706013 793637
692218 509977
628244 274242
627912 601456
62239 176131
597559 493888
939276 444633
289789 478513
762226 593885
752254 805090
744694 168880
605339 117363
211664 912288
177326 949142
166142 298470
848133 622458
431152 407192
546907 205869
831553 327623
369286 382413
238858 236990
222053 305027
142788 380223
860994 380390
889693 18620
29974 319994
285982 68564
947109 73562
469713 623886
303237 219809
988434 230320
230220 705126
137485 180195
618138 476522
511538 758351
284525 359511
810518 649217
47190 21444
90901 319093
464657 522792
941120 768173
781786 763550
777485 635893
221334 733901
879877 561931
297216 532638
