189832 282837
170598 218595
364662 827160
526083 299840
426160 687430
621845 137930
70114 837307
312580 361080
984707 304760
433879 733426
804239 789261
60700 913088
780048 592306
786935 441844
713199 183441
619988 716830
956243 806971
300063 855775
710244 23797
725989 434697
418536 978317
697663 50596
790030 482116
369817 541585
872681 714135
652603 483004
641585 451306
291570 270469
766431 264132
512936 699436
579452 38431
929611 455732
777713 517518
869259 342645
62536 298291
407759 387554
744034 860270
169737 194705
320196 758322
392411 40618
177638 67865
839830 244751
855100 535595
901625 290434
760945 659245
613747 19701
842384 96707
398205 980550
466815 387812
34665 666277
694648 961323
748815 953937
198150 795232
330744 522577
312306 900175
881145 411825
91385 3817
123958 167494
788842 428286
221174 213281
878386 173281
678792 186267
590484 644195
242552 978791
951283 297640
647820 140428
479839 715984
710135 111153
24791 268049
521202 480447
703017 564861
449704 96937
540523 377341
237135 389339
209773 547111
725899 701814
207838 692069
660278 795525
926204 185167
560401 923018
325771 967813
885198 43225
349523 248601
572389 812238
780539 33549
571849 958662
984453 735815
173311 532209
863197 820848
770135 300361
390761 557197
197990 260285
301941 463701
940574 831826
861469 970553
304104 802290
153609 144733
128099 504867
1277 69557
722069 29899